0 0.0984375 0.70390625 0.06328125 0.08984375
0 0.1625 0.70546875 0.05859375 0.08671875
0 0.26640625 0.9484375 0.103125 0.1015625
0 0.3703125 0.73984375 0.06640625 0.1046875
0 0.4453125 0.8734375 0.08125 0.153125
0 0.4734375 0.7171875 0.06640625 0.09140625
0 0.521875 0.81796875 0.053125 0.11796875
0 0.5671875 0.8453125 0.0828125 0.128125
0 0.66640625 0.715625 0.059375 0.09140625
0 0.7875 0.71953125 0.06171875 0.096875
0 0.8640625 0.7859375 0.06640625 0.11640625
0 0.92265625 0.83125 0.0828125 0.13125
1 0.49921875 0.8140625 0.9984375 0.36875