0 0.2046875 0.69296875 0.04375 0.0625
0 0.24921875 0.72109375 0.0390625 0.053125
0 0.43125 0.7390625 0.0515625 0.05859375
0 0.41796875 0.284375 0.01484375 0.02109375
0 0.43125 0.3046875 0.01640625 0.02578125
0 0.4515625 0.3078125 0.01875 0.021875
0 0.50625 0.609375 0.0359375 0.046875
0 0.50390625 0.3921875 0.0234375 0.03671875
0 0.503125 0.3453125 0.01875 0.021875
0 0.55 0.3 0.0125 0.02109375
0 0.5875 0.6046875 0.04609375 0.05234375
0 0.6359375 0.60390625 0.0390625 0.04296875
0 0.6671875 0.43359375 0.01953125 0.015625
0 0.76484375 0.3890625 0.02421875 0.021875
0 0.8171875 0.4328125 0.021875 0.0171875
0 0.84453125 0.58984375 0.03984375 0.040625
0 0.85234375 0.4359375 0.03046875 0.015625
1 0.49921875 0.78046875 0.9984375 0.4359375
1 0.515625 0.41484375 0.96796875 0.28671875