0 0.1765625 0.5546875 0.03984375 0.05234375
0 0.3421875 0.51875 0.0359375 0.0453125
0 0.5203125 0.45078125 0.0359375 0.04296875
0 0.53828125 0.6640625 0.04375 0.05703125
0 0.62265625 0.62734375 0.040625 0.05859375
0 0.63984375 0.40703125 0.03046875 0.040625
0 0.77265625 0.64296875 0.03984375 0.05234375
0 0.8328125 0.584375 0.0390625 0.05234375
0 0.85859375 0.8265625 0.04609375 0.07265625
0 0.89765625 0.61640625 0.046875 0.0640625
0 0.92734375 0.953125 0.05859375 0.0921875
0 0.95 0.515625 0.03515625 0.0546875
1 0.0609375 0.03984375 0.12109375 0.07265625
1 0.2546875 0.271875 0.50859375 0.48046875
1 0.49921875 0.64765625 0.9984375 0.7015625
1 0.66484375 0.1046875 0.44453125 0.209375