1 0.4796875 0.65546875 0.512109375 0.2
0 0.3515625 0.5984375 0.018359375 0.0224609375
0 0.39140625 0.6015625 0.0173828125 0.0189453125
0 0.4 0.646875 0.01865234375 0.01884765625
0 0.4171875 0.6015625 0.0125 0.015234375
0 0.4328125 0.615625 0.01015625 0.0193359375
0 0.44453125 0.60234375 0.01474609375 0.019921875
0 0.484375 0.659375 0.015625 0.0251953125
0 0.49609375 0.64921875 0.016796875 0.026953125
0 0.56171875 0.65078125 0.01689453125 0.026953125
0 0.58046875 0.65234375 0.01767578125 0.023828125