1 0.575 0.78984375 0.85 0.41875
0 0.42734375 0.69609375 0.01875 0.0296875
0 0.440625 0.81015625 0.0203125 0.0328125
0 0.45390625 0.709375 0.0203125 0.021875
0 0.4875 0.7078125 0.015625 0.025
0 0.48984375 0.94140625 0.01875 0.0296875
0 0.54375 0.82890625 0.021875 0.034375
0 0.5609375 0.70234375 0.01875 0.025
0 0.58828125 0.66875 0.01875 0.021875
0 0.596875 0.69765625 0.0234375 0.028125
0 0.6171875 0.765625 0.0203125 0.03125
0 0.6828125 0.7625 0.021875 0.0328125
0 0.696875 0.82109375 0.021875 0.0390625