1 0.56640625 0.77109375 0.8671875 0.4578125
0 0.42734375 0.69609375 0.020703125 0.03125
0 0.440625 0.81015625 0.0193359375 0.0328125
0 0.45390625 0.709375 0.020703125 0.022265625
0 0.4875 0.7078125 0.016015625 0.025
0 0.48984375 0.94140625 0.020703125 0.03125
0 0.54375 0.82890625 0.024609375 0.0359375
0 0.5609375 0.70234375 0.021484375 0.0265625
0 0.58828125 0.66875 0.0203125 0.022265625
0 0.596875 0.69765625 0.0255859375 0.0296875
0 0.6171875 0.765625 0.024609375 0.03203125
0 0.6828125 0.7625 0.022265625 0.0314453125
0 0.696875 0.82109375 0.025 0.040625