1 0.50234375 0.7859375 0.9953125 0.428125
0 0.1390625 0.6984375 0.0251953125 0.03125
0 0.32421875 0.6671875 0.019921875 0.025
0 0.62265625 0.71171875 0.026171875 0.03125
0 0.88046875 0.7703125 0.0234375 0.0318359375
0 0.83984375 0.76171875 0.025 0.03017578125
0 0.76171875 0.7828125 0.026171875 0.03056640625
0 0.70703125 0.80390625 0.025 0.0326171875
0 0.66640625 0.8703125 0.02705078125 0.0345703125
0 0.54609375 0.8390625 0.0263671875 0.027734375
0 0.5578125 0.834375 0.0244140625 0.0314453125
0 0.6890625 0.7875 0.0220703125 0.03125
0 0.715625 0.7875 0.021875 0.02822265625
0 0.7375 0.78671875 0.022265625 0.029296875
0 0.76953125 0.76015625 0.0234375 0.03330078125
0 0.75546875 0.8 0.02587890625 0.0318359375