1 0.50390625 0.79296875 0.9921875 0.4140625
0 0.1390625 0.6984375 0.0220703125 0.028515625
0 0.32421875 0.6671875 0.019921875 0.025390625
0 0.62265625 0.71171875 0.026171875 0.03125
0 0.88046875 0.7703125 0.0234375 0.03173828125
0 0.83984375 0.76171875 0.023828125 0.03017578125
0 0.76171875 0.7828125 0.0234375 0.02822265625
0 0.70703125 0.80390625 0.026171875 0.03271484375
0 0.66640625 0.8703125 0.02978515625 0.0369140625
0 0.54609375 0.8390625 0.0263671875 0.027734375
0 0.5578125 0.834375 0.0248046875 0.0318359375
0 0.6890625 0.7875 0.02255859375 0.031640625
0 0.715625 0.7875 0.024609375 0.0306640625
0 0.7375 0.78671875 0.024609375 0.0296875
0 0.76953125 0.76015625 0.0234375 0.0333984375
0 0.75546875 0.8 0.0259765625 0.03203125