1 0.40078125 0.6453125 0.766796875 0.2880859375
0 0.1625 0.58984375 0.021484375 0.0265625
0 0.18671875 0.59375 0.0203125 0.0314453125
0 0.27109375 0.578125 0.0234375 0.02421875
0 0.275 0.58125 0.0125 0.0189453125
0 0.28046875 0.5921875 0.019921875 0.0283203125
0 0.2890625 0.55546875 0.021875 0.020703125
0 0.2984375 0.603125 0.01875 0.031640625
0 0.3234375 0.6359375 0.018359375 0.028515625
0 0.325 0.575 0.018359375 0.0255859375
0 0.33515625 0.59140625 0.0171875 0.026171875
0 0.365625 0.6 0.0189453125 0.028125
0 0.41015625 0.6984375 0.03125 0.0287109375
0 0.4828125 0.696875 0.027734375 0.0337890625
0 0.62421875 0.6328125 0.021875 0.028515625
0 0.6796875 0.64453125 0.0244140625 0.0234375