1 0.56796875 0.74765625 0.8640625 0.5046875
0 0.25390625 0.615625 0.023828125 0.028515625
0 0.303125 0.63828125 0.0275390625 0.03125
0 0.45390625 0.54921875 0.017578125 0.021875
0 0.475 0.725 0.030859375 0.040234375
0 0.56953125 0.7125 0.030078125 0.034375
0 0.475 0.578125 0.0216796875 0.0275390625
0 0.396875 0.56875 0.01884765625 0.025
0 0.36328125 0.57578125 0.0203125 0.02724609375
0 0.3390625 0.59375 0.0185546875 0.02548828125
0 0.38828125 0.59375 0.02275390625 0.02236328125
0 0.4609375 0.5890625 0.021484375 0.01875
0 0.4265625 0.6046875 0.0216796875 0.025
0 0.45703125 0.60546875 0.019921875 0.02041015625
0 0.3625 0.6125 0.021484375 0.0275390625