1 0.565625 0.74140625 0.86875 0.5171875
0 0.25390625 0.615625 0.025 0.028515625
0 0.303125 0.63828125 0.025 0.030078125
0 0.45390625 0.54921875 0.01875 0.023046875
0 0.475 0.725 0.030859375 0.0400390625
0 0.56953125 0.7125 0.032421875 0.03671875
0 0.475 0.578125 0.0212890625 0.0255859375
0 0.396875 0.56875 0.0189453125 0.025
0 0.36328125 0.57578125 0.019921875 0.02685546875
0 0.3390625 0.59375 0.0181640625 0.02548828125
0 0.38828125 0.59375 0.02275390625 0.02431640625
0 0.4609375 0.5890625 0.0216796875 0.01875
0 0.4265625 0.6046875 0.0224609375 0.02734375
0 0.45703125 0.60546875 0.01875 0.0205078125
0 0.3625 0.6125 0.021484375 0.0275390625