1 0.68046875 0.5109375 0.4109375 0.978125
0 0.646875 0.13125 0.02763671875 0.02880859375
0 0.65859375 0.240625 0.0234375 0.02548828125
0 0.6875 0.33671875 0.0251953125 0.0298828125
0 0.65546875 0.26640625 0.020703125 0.030078125
0 0.64296875 0.32734375 0.025 0.028125
0 0.6 0.634375 0.01904296875 0.0193359375
0 0.5765625 0.64609375 0.02119140625 0.0203125
0 0.5765625 0.68125 0.0158203125 0.0154296875
0 0.56328125 0.67734375 0.014453125 0.01767578125
0 0.559375 0.69609375 0.016015625 0.01748046875