1 0.5 0.609375 1 0.78125
0 0.0109375 0.34140625 0.021875 0.0546875
0 0.08125 0.334375 0.03125 0.0376953125
0 0.19609375 0.37734375 0.038671875 0.05
0 0.28046875 0.378125 0.0421875 0.05625
0 0.30625 0.365625 0.0431640625 0.0529296875
0 0.3296875 0.46796875 0.04609375 0.069921875
0 0.4265625 0.8203125 0.0779296875 0.0962890625
0 0.4171875 0.290625 0.0349609375 0.027734375
0 0.42109375 0.31875 0.035546875 0.046484375
0 0.50625 0.8046875 0.06796875 0.103515625
0 0.5171875 0.459375 0.044140625 0.065234375
0 0.684375 0.3828125 0.034765625 0.053515625
0 0.7796875 0.6078125 0.0599609375 0.081640625
0 0.9828125 0.59140625 0.034375 0.0796875