1 0.49921875 0.6171875 0.9984375 0.7625
0 0.0109375 0.3421875 0.021875 0.053125
0 0.08125 0.334375 0.034375 0.040625
0 0.19609375 0.37734375 0.0375 0.048828125
0 0.28046875 0.378125 0.038671875 0.05546875
0 0.30625 0.365625 0.0380859375 0.0501953125
0 0.3296875 0.46796875 0.046484375 0.069921875
0 0.4265625 0.8203125 0.0720703125 0.0908203125
0 0.4171875 0.290625 0.0345703125 0.025390625
0 0.42109375 0.31875 0.03125 0.04375
0 0.50625 0.8046875 0.069140625 0.105859375
0 0.5171875 0.459375 0.044140625 0.065234375
0 0.684375 0.3828125 0.03671875 0.053515625
0 0.7796875 0.6078125 0.0625 0.08359375
0 0.984375 0.5921875 0.03125 0.078125