1 0.50078125 0.696875 0.9375 0.28125
0 0.81640625 0.64296875 0.02099609375 0.02685546875
0 0.72421875 0.6390625 0.01962890625 0.0244140625
0 0.67421875 0.6390625 0.0208984375 0.0255859375
0 0.53359375 0.69921875 0.02392578125 0.029296875
0 0.49453125 0.6546875 0.026171875 0.02734375
0 0.403125 0.6625 0.02216796875 0.02802734375
0 0.365625 0.6359375 0.01611328125 0.02197265625
0 0.184375 0.69609375 0.021484375 0.02724609375
0 0.190625 0.6875 0.021484375 0.02744140625
0 0.16796875 0.6625 0.01787109375 0.02841796875
0 0.32421875 0.63671875 0.0177734375 0.023828125
0 0.41015625 0.6296875 0.01650390625 0.022265625