1 0.52421875 0.66640625 0.9515625 0.3609375
0 0.23515625 0.6421875 0.0234375 0.040625
0 0.33984375 0.69921875 0.025 0.0484375
0 0.36640625 0.6875 0.0296875 0.0439453125
0 0.3984375 0.625 0.0248046875 0.03046875
0 0.43125 0.67890625 0.03046875 0.051171875
0 0.50703125 0.68828125 0.03310546875 0.04208984375
0 0.53984375 0.6046875 0.020703125 0.03486328125
0 0.625 0.62890625 0.0279296875 0.0375
0 0.65390625 0.56484375 0.017578125 0.023828125
0 0.6953125 0.58203125 0.024609375 0.03037109375
0 0.75390625 0.63359375 0.023828125 0.0296875
0 0.76171875 0.60625 0.02626953125 0.0318359375
0 0.7953125 0.5625 0.021484375 0.02568359375
0 0.80390625 0.6421875 0.0234375 0.02265625
0 0.871875 0.5828125 0.0255859375 0.03359375