1 0.525 0.66640625 0.95 0.3453125
0 0.23515625 0.6421875 0.023046875 0.040234375
0 0.33984375 0.69921875 0.026953125 0.048828125
0 0.36640625 0.6875 0.0328125 0.04453125
0 0.3984375 0.625 0.0248046875 0.03046875
0 0.43125 0.67890625 0.031640625 0.0515625
0 0.50703125 0.68828125 0.03310546875 0.04169921875
0 0.53984375 0.6046875 0.023046875 0.0369140625
0 0.625 0.62890625 0.0283203125 0.0375
0 0.65390625 0.56484375 0.0171875 0.0234375
0 0.6953125 0.58203125 0.025 0.03037109375
0 0.75390625 0.63359375 0.0234375 0.029296875
0 0.76171875 0.60625 0.02392578125 0.0310546875
0 0.7953125 0.5625 0.019140625 0.02490234375
0 0.80390625 0.6421875 0.021875 0.021875
0 0.871875 0.5828125 0.0275390625 0.03359375