1 0.41171875 0.5453125 0.725 0.27734375
0 0.18671875 0.51484375 0.0205078125 0.0271484375
0 0.209375 0.49296875 0.021484375 0.0271484375
0 0.2609375 0.5125 0.0216796875 0.025390625
0 0.28828125 0.5359375 0.02001953125 0.02841796875
0 0.30078125 0.4609375 0.0203125 0.021875
0 0.5140625 0.5140625 0.0244140625 0.028515625
0 0.69296875 0.6109375 0.02314453125 0.02744140625
1 0.1046875 0.17890625 0.209375 0.1046875
1 0.66328125 0.22265625 0.501953125 0.1294921875
0 0.7015625 0.2390625 0.021875 0.01572265625