1 0.41171875 0.5453125 0.736328125 0.3248046875
0 0.18671875 0.51484375 0.02099609375 0.02705078125
0 0.209375 0.49296875 0.019140625 0.02646484375
0 0.2609375 0.5125 0.0224609375 0.02578125
0 0.28828125 0.5359375 0.0173828125 0.0279296875
0 0.30078125 0.4609375 0.0203125 0.021875
0 0.5140625 0.5140625 0.024609375 0.028515625
0 0.69296875 0.6109375 0.02080078125 0.02548828125
1 0.10546875 0.17890625 0.2109375 0.1109375
1 0.66328125 0.22265625 0.50625 0.15849609375
0 0.7015625 0.2390625 0.022265625 0.01611328125