1 0.5 0.7328125 1 0.38125
0 0.303125 0.84375 0.0693359375 0.0994140625
0 0.3265625 0.625 0.046875 0.059765625
0 0.35625 0.57578125 0.0412109375 0.053125
0 0.4328125 0.58046875 0.0400390625 0.055078125
0 0.553125 0.7265625 0.0595703125 0.08125
0 0.57421875 0.6984375 0.048828125 0.075390625
0 0.6609375 0.59296875 0.04375 0.055078125
0 0.66328125 0.64921875 0.053125 0.0671875
0 0.75546875 0.6375 0.042578125 0.0625
0 0.79765625 0.60390625 0.0421875 0.054296875
0 0.5515625 0.58671875 0.04013671875 0.05087890625