1 0.55 0.69921875 0.9 0.5703125
0 0.21953125 0.50625 0.0359375 0.0279296875
0 0.26953125 0.49921875 0.0265625 0.019921875
0 0.42421875 0.5078125 0.02685546875 0.02119140625
0 0.58984375 0.50234375 0.02958984375 0.01875
0 0.5421875 0.50859375 0.028125 0.0177734375
0 0.4875 0.50078125 0.02578125 0.0203125
0 0.44453125 0.50390625 0.02412109375 0.0203125
0 0.52734375 0.4828125 0.023046875 0.01611328125
0 0.5375 0.49921875 0.0283203125 0.0173828125
0 0.46171875 0.48984375 0.021875 0.021875
0 0.2390625 0.47421875 0.01943359375 0.02099609375
0 0.215625 0.47734375 0.02431640625 0.02294921875
0 0.22265625 0.4875 0.02353515625 0.0126953125
0 0.50859375 0.4875 0.02080078125 0.016015625