1 0.54765625 0.69921875 0.9046875 0.5953125
0 0.21953125 0.50625 0.036328125 0.02861328125
0 0.26953125 0.49921875 0.0265625 0.01875
0 0.42421875 0.5078125 0.0263671875 0.0193359375
0 0.58984375 0.50234375 0.0302734375 0.020703125
0 0.5421875 0.50859375 0.0283203125 0.01962890625
0 0.4875 0.50078125 0.027734375 0.020703125
0 0.44453125 0.50390625 0.0236328125 0.019921875
0 0.52734375 0.4828125 0.0234375 0.0185546875
0 0.5375 0.49921875 0.02822265625 0.01728515625
0 0.46171875 0.48984375 0.021875 0.021875
0 0.2390625 0.47421875 0.01943359375 0.02099609375
0 0.215625 0.47734375 0.02431640625 0.02099609375
0 0.22265625 0.4875 0.02353515625 0.0150390625
0 0.50859375 0.4875 0.0205078125 0.016015625