1 0.6359375 0.578125 0.728125 0.3625
0 0.51953125 0.4828125 0.0171875 0.0216796875
0 0.5296875 0.50703125 0.0162109375 0.021875
0 0.52734375 0.559375 0.02099609375 0.02861328125
0 0.58515625 0.54609375 0.0177734375 0.0267578125
0 0.578125 0.5953125 0.01865234375 0.028125
0 0.6171875 0.61640625 0.02255859375 0.03330078125
0 0.63125 0.62578125 0.02216796875 0.03603515625
0 0.64453125 0.6390625 0.02919921875 0.033984375
0 0.72421875 0.65625 0.028125 0.025
0 0.784375 0.64453125 0.02578125 0.025
0 0.70546875 0.64765625 0.02353515625 0.03583984375
0 0.7078125 0.63125 0.0244140625 0.0287109375
0 0.6984375 0.59296875 0.0244140625 0.02998046875
0 0.6359375 0.5765625 0.0244140625 0.02734375