1 0.6375 0.578125 0.725 0.334375
0 0.51953125 0.4828125 0.01875 0.02216796875
0 0.5296875 0.50703125 0.018359375 0.023046875
0 0.52734375 0.559375 0.0228515625 0.0306640625
0 0.58515625 0.54609375 0.02001953125 0.02685546875
0 0.578125 0.5953125 0.0189453125 0.028125
0 0.6171875 0.61640625 0.0248046875 0.0353515625
0 0.63125 0.62578125 0.02177734375 0.03603515625
0 0.64453125 0.6390625 0.02958984375 0.033984375
0 0.72421875 0.65625 0.028125 0.025
0 0.784375 0.64453125 0.0255859375 0.023828125
0 0.70546875 0.64765625 0.02392578125 0.03623046875
0 0.7078125 0.63125 0.02431640625 0.03056640625
0 0.6984375 0.59296875 0.0220703125 0.02958984375
0 0.6359375 0.5765625 0.02216796875 0.025390625