0 0.2046875 0.69296875 0.046484375 0.0640625
0 0.24921875 0.72109375 0.04375 0.05625
0 0.43125 0.7390625 0.0533203125 0.0625
0 0.41796875 0.284375 0.016796875 0.022265625
0 0.43125 0.3046875 0.0212890625 0.0283203125
0 0.4515625 0.3078125 0.02109375 0.02265625
0 0.50625 0.609375 0.040234375 0.049609375
0 0.50390625 0.3921875 0.025 0.037890625
0 0.503125 0.3453125 0.01875 0.021875
0 0.55 0.3 0.01328125 0.022265625
0 0.5875 0.6046875 0.049609375 0.0556640625
0 0.6359375 0.60390625 0.0404296875 0.04375
0 0.6671875 0.43359375 0.0220703125 0.0171875
0 0.76484375 0.3890625 0.023828125 0.022265625
0 0.8171875 0.4328125 0.022265625 0.01640625
0 0.84453125 0.58984375 0.04375 0.04375
0 0.85234375 0.4359375 0.032421875 0.018359375
1 0.5 0.77265625 1 0.4546875
1 0.51328125 0.37109375 0.9734375 0.2734375