1 0.47578125 0.828125 0.784375 0.343359375
0 0.19765625 0.984375 0.0330078125 0.03125
0 0.2296875 0.96171875 0.037890625 0.05126953125
0 0.27890625 0.884375 0.032421875 0.04736328125
0 0.31171875 0.79921875 0.025 0.03955078125
0 0.39140625 0.9015625 0.02646484375 0.0466796875
0 0.48671875 0.9453125 0.03251953125 0.04716796875
0 0.63984375 0.9546875 0.036328125 0.0501953125
0 0.4375 0.728125 0.0244140625 0.0306640625
0 0.553125 0.7921875 0.021875 0.0314453125
0 0.5015625 0.81875 0.0255859375 0.03994140625
0 0.4375 0.78984375 0.02451171875 0.03623046875
0 0.56015625 0.865625 0.02333984375 0.03759765625
0 0.4734375 0.853125 0.02890625 0.041015625
0 0.50234375 0.88828125 0.029296875 0.041796875
0 0.49140625 0.9125 0.02666015625 0.0376953125