1 0.475 0.80703125 0.8125 0.3859375
0 0.196875 0.98359375 0.034375 0.0328125
0 0.2296875 0.96171875 0.034765625 0.04853515625
0 0.27890625 0.884375 0.0296875 0.04697265625
0 0.31171875 0.79921875 0.026171875 0.0396484375
0 0.39140625 0.9015625 0.02646484375 0.0466796875
0 0.48671875 0.9453125 0.03251953125 0.04716796875
0 0.63984375 0.9546875 0.033203125 0.0474609375
0 0.4375 0.728125 0.02216796875 0.02861328125
0 0.553125 0.7921875 0.022265625 0.03134765625
0 0.5015625 0.81875 0.025 0.0380859375
0 0.4375 0.78984375 0.0248046875 0.0365234375
0 0.56015625 0.865625 0.02412109375 0.03798828125
0 0.4734375 0.853125 0.028125 0.040625
0 0.50234375 0.88828125 0.03125 0.0421875
0 0.49140625 0.9125 0.02666015625 0.0376953125