1 0.5 0.63984375 1 0.7203125
0 0.1765625 0.5546875 0.040625 0.053125
0 0.3421875 0.51875 0.0376953125 0.0466796875
0 0.5203125 0.45078125 0.0373046875 0.0453125
0 0.53828125 0.6640625 0.045703125 0.059765625
0 0.62265625 0.62734375 0.041796875 0.060546875
0 0.63984375 0.40703125 0.03125 0.040625
0 0.77265625 0.64296875 0.044921875 0.055078125
0 0.8328125 0.584375 0.0404296875 0.0501953125
0 0.85859375 0.8265625 0.0515625 0.075
0 0.89765625 0.61640625 0.048828125 0.065625
0 0.92734375 0.9515625 0.0703125 0.096875
0 0.95 0.515625 0.0435546875 0.0591796875