1 0.5 0.6421875 1 0.715625
0 0.1765625 0.5546875 0.04609375 0.05625
0 0.3421875 0.51875 0.0349609375 0.0443359375
0 0.5203125 0.45078125 0.0369140625 0.044921875
0 0.53828125 0.6640625 0.048046875 0.0619140625
0 0.62265625 0.62734375 0.046875 0.063671875
0 0.63984375 0.40703125 0.033203125 0.0421875
0 0.77265625 0.64296875 0.0421875 0.054296875
0 0.8328125 0.584375 0.0439453125 0.0533203125
0 0.85859375 0.8265625 0.0484375 0.0724609375
0 0.89765625 0.61640625 0.054296875 0.06875
0 0.9265625 0.9515625 0.06875 0.096875
0 0.95 0.515625 0.04296875 0.058984375