1 0.58125 0.7125 0.590234375 0.3435546875
0 0.4140625 0.6765625 0.02265625 0.025390625
0 0.45859375 0.5875 0.023046875 0.02236328125
0 0.5046875 0.5875 0.01630859375 0.01923828125
0 0.55078125 0.5859375 0.01748046875 0.019140625
0 0.51640625 0.6359375 0.016796875 0.02529296875
0 0.5328125 0.65078125 0.0181640625 0.0208984375
0 0.65859375 0.62578125 0.01875 0.02021484375
0 0.6671875 0.659375 0.0158203125 0.025
0 0.59375 0.6921875 0.01923828125 0.02490234375
0 0.5609375 0.7265625 0.018359375 0.025390625
0 0.5765625 0.734375 0.02119140625 0.0255859375
0 0.56875 0.7453125 0.0189453125 0.0279296875
0 0.54296875 0.80078125 0.028125 0.033203125
0 0.76796875 0.74140625 0.02294921875 0.02900390625
0 0.70859375 0.75625 0.020703125 0.0318359375