1 0.58125 0.7125 0.5828125 0.32890625
0 0.4140625 0.6765625 0.021875 0.025
0 0.45859375 0.5875 0.021875 0.02265625
0 0.5046875 0.5875 0.01484375 0.01953125
0 0.55078125 0.5859375 0.01640625 0.01875
0 0.51640625 0.6359375 0.0140625 0.02421875
0 0.5328125 0.65078125 0.01640625 0.02109375
0 0.65859375 0.62578125 0.01875 0.01953125
0 0.6671875 0.659375 0.0171875 0.025
0 0.59375 0.6921875 0.01953125 0.02421875
0 0.5609375 0.7265625 0.0171875 0.025
0 0.5765625 0.734375 0.01953125 0.0265625
0 0.56875 0.7453125 0.0203125 0.0265625
0 0.54296875 0.80078125 0.025 0.03125
0 0.76796875 0.74140625 0.01953125 0.02734375
0 0.70859375 0.75625 0.01875 0.0296875