0 0.35703125 0.6 0.038671875 0.0568359375
0 0.35859375 0.2796875 0.023828125 0.0369140625
0 0.42265625 0.175 0.026171875 0.0318359375
0 0.44765625 0.1890625 0.0203125 0.034375
0 0.46015625 0.22890625 0.025 0.03125
0 0.51953125 0.20625 0.023828125 0.030859375
0 0.5265625 0.228125 0.02265625 0.028515625
0 0.52578125 0.25390625 0.0203125 0.0296875
0 0.57890625 0.70859375 0.048046875 0.0640625
0 0.60546875 0.1875 0.023828125 0.034375
0 0.640625 0.21484375 0.02421875 0.030078125
0 0.7203125 0.3296875 0.028125 0.03984375
1 0.4890625 0.55390625 0.978125 0.8921875