1 0.5 0.734375 1 0.53125
0 0.2046875 0.58671875 0.0435546875 0.039453125
0 0.37890625 0.51484375 0.0375 0.033203125
0 0.3796875 0.5609375 0.0375 0.0431640625
0 0.459375 0.53515625 0.0375 0.0375
0 0.48125 0.60859375 0.040625 0.0390625
0 0.4890625 0.51171875 0.0283203125 0.03125
0 0.5296875 0.56328125 0.040625 0.0328125
0 0.55546875 0.53203125 0.035546875 0.035546875
0 0.853125 0.59296875 0.0376953125 0.0390625
0 0.9078125 0.71015625 0.05 0.0484375
0 0.95 0.62890625 0.0376953125 0.034375
0 0.990625 0.69375 0.01875 0.04375