1 0.5 0.740625 1 0.51875
0 0.2046875 0.58671875 0.0412109375 0.0375
0 0.37890625 0.51484375 0.038671875 0.034375
0 0.3796875 0.5609375 0.037109375 0.041015625
0 0.459375 0.53515625 0.034375 0.034375
0 0.48125 0.60859375 0.0408203125 0.0390625
0 0.4890625 0.51171875 0.0283203125 0.03125
0 0.5296875 0.56328125 0.0431640625 0.034375
0 0.55546875 0.53203125 0.036328125 0.036328125
0 0.853125 0.59296875 0.03828125 0.039453125
0 0.9078125 0.71015625 0.046875 0.045703125
0 0.95 0.62890625 0.0408203125 0.038671875
0 0.99140625 0.69453125 0.0171875 0.04375