1 0.5 0.7078125 1 0.584375
0 0.02578125 0.72265625 0.0515625 0.1015625
0 0.0265625 0.65078125 0.053125 0.0671875
0 0.13125 0.5546875 0.047265625 0.047265625
0 0.2765625 0.55859375 0.0466796875 0.0453125
0 0.2875 0.54140625 0.0376953125 0.03583984375
0 0.42421875 0.63515625 0.06875 0.07333984375
0 0.296875 0.696875 0.087109375 0.087109375
0 0.55546875 0.90859375 0.154296875 0.1677734375
0 0.5765625 0.6640625 0.078515625 0.091015625
0 0.6484375 0.6453125 0.06865234375 0.07509765625
0 0.7640625 0.64296875 0.0724609375 0.08037109375
0 0.50234375 0.5171875 0.0361328125 0.037890625