1 0.5 0.69375 1 0.6125
0 0.025 0.72265625 0.05 0.0984375
0 0.0265625 0.65078125 0.053125 0.0671875
0 0.13125 0.5546875 0.047265625 0.047265625
0 0.2765625 0.55859375 0.049609375 0.0484375
0 0.2875 0.54140625 0.0400390625 0.03857421875
0 0.42421875 0.63515625 0.067578125 0.07099609375
0 0.296875 0.696875 0.0875 0.0875
0 0.55546875 0.90859375 0.148828125 0.16435546875
0 0.5765625 0.6640625 0.0744140625 0.0873046875
0 0.6484375 0.6453125 0.07529296875 0.08134765625
0 0.7640625 0.64296875 0.0716796875 0.07958984375
0 0.50234375 0.5171875 0.03857421875 0.040234375