1 0.46875 0.665625 0.825 0.66875
0 0.5953125 0.68515625 0.0404296875 0.05478515625
0 0.51875 0.5671875 0.028125 0.04072265625
0 0.4453125 0.51328125 0.03173828125 0.038671875
0 0.43359375 0.475 0.026171875 0.03681640625
0 0.7828125 0.46484375 0.028515625 0.03623046875
0 0.609375 0.4515625 0.0255859375 0.03505859375
0 0.5640625 0.41484375 0.025390625 0.0330078125
0 0.54921875 0.3765625 0.02294921875 0.03056640625
0 0.5828125 0.38359375 0.0244140625 0.0296875
0 0.61015625 0.43359375 0.020703125 0.026171875
0 0.75 0.3875 0.01875 0.02802734375
0 0.71875 0.4203125 0.0255859375 0.0306640625
0 0.61328125 0.4203125 0.02275390625 0.02265625
0 0.63515625 0.4375 0.02294921875 0.0318359375
0 0.65703125 0.415625 0.020703125 0.0255859375
0 0.640625 0.3984375 0.02431640625 0.02841796875