1 0.46875 0.6671875 0.821875 0.665625
0 0.5953125 0.68515625 0.0376953125 0.05439453125
0 0.51875 0.5671875 0.03125 0.0431640625
0 0.4453125 0.51328125 0.03173828125 0.038671875
0 0.43359375 0.475 0.023046875 0.03447265625
0 0.7828125 0.46484375 0.028125 0.03583984375
0 0.609375 0.4515625 0.0279296875 0.03701171875
0 0.5640625 0.41484375 0.028125 0.03564453125
0 0.54921875 0.3765625 0.02060546875 0.02861328125
0 0.5828125 0.38359375 0.0224609375 0.0296875
0 0.61015625 0.43359375 0.0203125 0.025
0 0.75 0.3875 0.021484375 0.0287109375
0 0.71875 0.4203125 0.0255859375 0.0306640625
0 0.61328125 0.4203125 0.02080078125 0.022265625
0 0.63515625 0.4375 0.0205078125 0.03125
0 0.65703125 0.415625 0.0203125 0.0251953125
0 0.640625 0.3984375 0.0220703125 0.0279296875