1 0.60234375 0.74765625 0.7953125 0.5046875
0 0.353125 0.778125 0.0375 0.05
0 0.44375 0.6765625 0.0314453125 0.044140625
0 0.47109375 0.70390625 0.02685546875 0.04228515625
0 0.465625 0.78828125 0.03779296875 0.0484375
0 0.60703125 0.63359375 0.032421875 0.03837890625
0 0.6375 0.66171875 0.0275390625 0.03642578125
0 0.6609375 0.79375 0.04140625 0.053515625
0 0.75546875 0.734375 0.0328125 0.0505859375
0 0.715625 0.86640625 0.0345703125 0.0580078125
0 0.71796875 0.91484375 0.041796875 0.053125
0 0.89296875 0.9453125 0.04833984375 0.06201171875