1 0.59765625 0.73984375 0.8046875 0.5203125
0 0.353125 0.778125 0.0404296875 0.052734375
0 0.44375 0.6765625 0.03125 0.044140625
0 0.47109375 0.70390625 0.03037109375 0.04501953125
0 0.465625 0.78828125 0.04130859375 0.0515625
0 0.60703125 0.63359375 0.0328125 0.03876953125
0 0.6375 0.66171875 0.0283203125 0.03876953125
0 0.6609375 0.79375 0.037890625 0.0505859375
0 0.75546875 0.734375 0.035546875 0.05078125
0 0.715625 0.86640625 0.03505859375 0.05810546875
0 0.71796875 0.91484375 0.039453125 0.0515625
0 0.89296875 0.9453125 0.04560546875 0.05927734375