1 0.55078125 0.5375 0.753125 0.83798828125
0 0.5609375 0.5296875 0.025 0.04130859375
0 0.4984375 0.484375 0.02451171875 0.03466796875
0 0.43515625 0.271875 0.01650390625 0.028125
0 0.55625 0.446875 0.02177734375 0.03681640625
0 0.63046875 0.66796875 0.025 0.035546875
0 0.60078125 0.5265625 0.023046875 0.0376953125
0 0.60859375 0.584375 0.021875 0.0435546875
0 0.59296875 0.40234375 0.02099609375 0.035546875
0 0.36171875 0.3203125 0.01875 0.028515625
0 0.29609375 0.34296875 0.02001953125 0.03310546875
0 0.39453125 0.60078125 0.0259765625 0.0421875