1 0.51328125 0.56328125 0.7421875 0.8734375
0 0.40703125 0.7734375 0.026953125 0.034765625
0 0.57421875 0.4875 0.02080078125 0.03740234375
0 0.340625 0.6015625 0.02236328125 0.04052734375
0 0.403125 0.41640625 0.0212890625 0.026953125
0 0.43984375 0.653125 0.0259765625 0.04375
0 0.40234375 0.4390625 0.02294921875 0.0345703125
0 0.49921875 0.396875 0.0203125 0.03466796875
0 0.47109375 0.615625 0.026953125 0.04306640625
0 0.6953125 0.6 0.02470703125 0.041015625
0 0.27578125 0.32578125 0.017578125 0.03271484375