1 0.50234375 0.55390625 0.7546875 0.8921875
0 0.46953125 0.57890625 0.02607421875 0.041796875
0 0.453125 0.67734375 0.03056640625 0.048046875
0 0.3859375 0.4515625 0.0248046875 0.0369140625
0 0.30859375 0.81484375 0.02978515625 0.04599609375
0 0.5015625 0.50390625 0.02490234375 0.0390625
0 0.44453125 0.5859375 0.02412109375 0.04091796875
0 0.328125 0.7796875 0.02578125 0.05
0 0.35625 0.8015625 0.02861328125 0.040234375
0 0.4578125 0.4828125 0.02490234375 0.03994140625
0 0.4328125 0.55546875 0.024609375 0.0353515625
0 0.4734375 0.1890625 0.01875 0.02841796875
0 0.471875 0.5375 0.025 0.03828125
0 0.6171875 0.665625 0.025390625 0.04677734375
0 0.5546875 0.396875 0.01943359375 0.0376953125