1 0.51328125 0.56640625 0.7234375 0.8671875
0 0.4 0.54921875 0.0275390625 0.041796875
0 0.57421875 0.4875 0.02275390625 0.03779296875
0 0.27578125 0.325 0.019921875 0.028515625
0 0.34609375 0.6015625 0.02626953125 0.04306640625
0 0.403125 0.41640625 0.01923828125 0.026953125
0 0.43984375 0.653125 0.02333984375 0.0435546875
0 0.40234375 0.4390625 0.02060546875 0.0341796875
0 0.49921875 0.396875 0.0203125 0.03466796875
0 0.47109375 0.615625 0.025 0.0412109375
0 0.31875 0.45703125 0.0189453125 0.0326171875
0 0.6953125 0.6 0.0220703125 0.040625