1 0.51328125 0.571875 0.6953125 0.85625
0 0.4 0.54921875 0.0248046875 0.040625
0 0.57421875 0.4875 0.02314453125 0.03779296875
0 0.34609375 0.6015625 0.02587890625 0.04111328125
0 0.403125 0.41640625 0.02158203125 0.028125
0 0.43984375 0.653125 0.02646484375 0.0443359375
0 0.40234375 0.4390625 0.02060546875 0.0341796875
0 0.49921875 0.396875 0.0203125 0.0349609375
0 0.47109375 0.615625 0.0265625 0.04306640625
0 0.31875 0.45703125 0.01904296875 0.03271484375
0 0.6953125 0.6 0.02548828125 0.04296875