1 0.51328125 0.5640625 0.7359375 0.871875
0 0.4 0.54921875 0.0283203125 0.042578125
0 0.6953125 0.60078125 0.0255859375 0.04375
0 0.57421875 0.4875 0.02314453125 0.03779296875
0 0.27578125 0.325 0.0171875 0.028125
0 0.34609375 0.6015625 0.02626953125 0.04111328125
0 0.41328125 0.4125 0.02099609375 0.0318359375
0 0.31953125 0.2671875 0.0166015625 0.028515625
0 0.43984375 0.653125 0.02724609375 0.0443359375
0 0.5671875 0.39609375 0.0212890625 0.0333984375
0 0.4046875 0.4328125 0.02158203125 0.0345703125
0 0.49921875 0.396875 0.0171875 0.03427734375
0 0.47109375 0.615625 0.026171875 0.04306640625
0 0.44140625 0.35234375 0.01708984375 0.03125
0 0.265625 0.45703125 0.01923828125 0.0359375
0 0.51796875 0.35859375 0.017578125 0.0296875