1 0.55078125 0.5375 0.742578125 0.83095703125
0 0.51171875 0.521875 0.023828125 0.0380859375
0 0.4984375 0.484375 0.02490234375 0.03505859375
0 0.4765625 0.4953125 0.024609375 0.03984375
0 0.43515625 0.271875 0.01875 0.028515625
0 0.46328125 0.54296875 0.015625 0.0361328125
0 0.55625 0.44765625 0.0220703125 0.03623046875
0 0.63046875 0.66796875 0.025 0.035546875
0 0.67734375 0.640625 0.0263671875 0.0439453125
0 0.60859375 0.584375 0.026171875 0.044140625
0 0.478125 0.55078125 0.0189453125 0.0388671875
0 0.36171875 0.31953125 0.01875 0.02998046875
0 0.5921875 0.40078125 0.02109375 0.033203125
0 0.29609375 0.34296875 0.021875 0.034375