1 0.51328125 0.5609375 0.7546875 0.878125
0 0.4 0.54921875 0.0283203125 0.0421875
0 0.6953125 0.60078125 0.025 0.042578125
0 0.57421875 0.4875 0.02080078125 0.03740234375
0 0.27578125 0.325 0.017578125 0.028125
0 0.34609375 0.6015625 0.02705078125 0.04306640625
0 0.4046875 0.4171875 0.02119140625 0.0283203125
0 0.43984375 0.653125 0.02685546875 0.0443359375
0 0.5671875 0.39609375 0.02197265625 0.03525390625
0 0.40234375 0.43828125 0.02099609375 0.033203125
0 0.49921875 0.396875 0.01875 0.03466796875
0 0.47109375 0.615625 0.026953125 0.0431640625
0 0.446875 0.42265625 0.01943359375 0.032421875
0 0.265625 0.45703125 0.02236328125 0.0375
0 0.553125 0.36328125 0.01953125 0.033203125