1 0.51328125 0.56015625 0.7609375 0.8796875
0 0.4 0.54921875 0.0279296875 0.0421875
0 0.57421875 0.4875 0.02275390625 0.03779296875
0 0.27578125 0.325 0.0171875 0.028125
0 0.34609375 0.6015625 0.0259765625 0.0412109375
0 0.403125 0.41640625 0.02158203125 0.028125
0 0.43984375 0.653125 0.02685546875 0.0443359375
0 0.40234375 0.4390625 0.02099609375 0.0345703125
0 0.49921875 0.396875 0.019921875 0.0345703125
0 0.47109375 0.615625 0.028125 0.04306640625
0 0.540625 0.4609375 0.019140625 0.03134765625
0 0.265625 0.45703125 0.0220703125 0.03623046875
0 0.6953125 0.6 0.0248046875 0.041015625