1 0.51328125 0.5609375 0.7546875 0.878125
0 0.4 0.54921875 0.0275390625 0.041796875
0 0.57421875 0.4875 0.0232421875 0.0376953125
0 0.34609375 0.6015625 0.02705078125 0.04306640625
0 0.403125 0.41640625 0.01884765625 0.0265625
0 0.43984375 0.653125 0.0232421875 0.043359375
0 0.40234375 0.4390625 0.02060546875 0.0341796875
0 0.49921875 0.396875 0.0171875 0.03427734375
0 0.47109375 0.615625 0.0234375 0.04072265625
0 0.31875 0.45703125 0.01865234375 0.03271484375
0 0.6953125 0.6 0.0220703125 0.040625