1 0.5140625 0.5734375 0.68173828125 0.8466796875
0 0.4 0.54921875 0.0255859375 0.041796875
0 0.57421875 0.4875 0.02392578125 0.03818359375
0 0.27578125 0.325 0.019921875 0.03046875
0 0.34609375 0.6015625 0.0271484375 0.0431640625
0 0.403125 0.41640625 0.02158203125 0.028125
0 0.43984375 0.653125 0.02607421875 0.0439453125
0 0.40234375 0.4390625 0.0208984375 0.034375
0 0.49921875 0.396875 0.0203125 0.03505859375
0 0.47109375 0.615625 0.0265625 0.0431640625
0 0.31875 0.45703125 0.02138671875 0.03310546875
0 0.6953125 0.6 0.0255859375 0.04296875