1 0.50234375 0.5640625 0.7015625 0.871875
0 0.46953125 0.57890625 0.0267578125 0.0421875
0 0.453125 0.67734375 0.02783203125 0.045703125
0 0.3859375 0.4515625 0.0224609375 0.0349609375
0 0.30859375 0.81484375 0.03017578125 0.04599609375
0 0.50703125 0.5015625 0.02041015625 0.0375
0 0.44453125 0.5859375 0.02333984375 0.04052734375
0 0.328125 0.7796875 0.0306640625 0.05234375
0 0.35625 0.8015625 0.02783203125 0.03984375
0 0.5625 0.6046875 0.022265625 0.0375
0 0.4734375 0.18515625 0.01630859375 0.02705078125
0 0.471875 0.5375 0.021875 0.0375
0 0.6171875 0.665625 0.027734375 0.04716796875
0 0.5546875 0.396875 0.02216796875 0.0380859375