1 0.5015625 0.55625 0.74375 0.8875
0 0.453125 0.67734375 0.03046875 0.04599609375
0 0.2734375 0.45390625 0.02255859375 0.03642578125
0 0.3859375 0.4515625 0.02451171875 0.03486328125
0 0.35625 0.8015625 0.03115234375 0.0373046875
0 0.50703125 0.3859375 0.0197265625 0.0318359375
0 0.45703125 0.48203125 0.020703125 0.03642578125
0 0.465625 0.5703125 0.02197265625 0.040625
0 0.4875 0.58046875 0.02490234375 0.04287109375
0 0.4796875 0.52421875 0.021875 0.0388671875
0 0.44296875 0.57421875 0.025 0.041796875
0 0.5546875 0.39453125 0.021484375 0.033203125
0 0.47265625 0.1875 0.014453125 0.02509765625
0 0.45078125 0.546875 0.0259765625 0.02578125
0 0.328125 0.778125 0.0275390625 0.050390625
0 0.31015625 0.8109375 0.028125 0.0408203125