1 0.55078125 0.5375 0.678125 0.77744140625
0 0.51171875 0.521875 0.0234375 0.0380859375
0 0.4984375 0.484375 0.02490234375 0.03505859375
0 0.4765625 0.4953125 0.0216796875 0.0375
0 0.43515625 0.271875 0.015625 0.028125
0 0.46015625 0.54140625 0.023828125 0.040625
0 0.55625 0.44765625 0.019140625 0.0357421875
0 0.63046875 0.66796875 0.0265625 0.0359375
0 0.67734375 0.640625 0.02392578125 0.04365234375
0 0.60859375 0.584375 0.026171875 0.0443359375
0 0.478125 0.55078125 0.01884765625 0.03896484375
0 0.36171875 0.31953125 0.019921875 0.02998046875
0 0.5921875 0.40078125 0.021484375 0.033203125
0 0.29609375 0.34296875 0.01875 0.0328125
0 0.39453125 0.60078125 0.021875 0.040625