1 0.51328125 0.5703125 0.7046875 0.859375
0 0.4 0.54921875 0.0255859375 0.041796875
0 0.57421875 0.4875 0.02275390625 0.03779296875
0 0.27578125 0.325 0.019921875 0.03046875
0 0.34609375 0.6015625 0.02705078125 0.04306640625
0 0.403125 0.41640625 0.01923828125 0.026953125
0 0.43984375 0.653125 0.0236328125 0.043359375
0 0.40234375 0.4390625 0.0205078125 0.033984375
0 0.49921875 0.396875 0.019921875 0.03466796875
0 0.47109375 0.615625 0.0234375 0.0408203125
0 0.540625 0.4609375 0.01953125 0.0318359375
0 0.265625 0.45703125 0.019140625 0.0357421875
0 0.6953125 0.6 0.02236328125 0.040625