1 0.55078125 0.5375 0.7375 0.8255859375
0 0.51171875 0.521875 0.0234375 0.037890625
0 0.4984375 0.484375 0.02255859375 0.03466796875
0 0.4765625 0.4953125 0.0220703125 0.0375
0 0.43515625 0.271875 0.015625 0.028125
0 0.46328125 0.54296875 0.015625 0.03603515625
0 0.55625 0.44765625 0.0193359375 0.03583984375
0 0.63046875 0.66796875 0.0265625 0.0359375
0 0.67734375 0.640625 0.0236328125 0.0435546875
0 0.60859375 0.584375 0.0234375 0.0439453125
0 0.478125 0.55078125 0.02119140625 0.03935546875
0 0.36171875 0.31953125 0.019921875 0.02998046875
0 0.5921875 0.40078125 0.02109375 0.033203125
0 0.29609375 0.34296875 0.020703125 0.033203125