1 0.51328125 0.56328125 0.7421875 0.8734375
0 0.4 0.54921875 0.027734375 0.0421875
0 0.57421875 0.4875 0.0208984375 0.0373046875
0 0.27578125 0.325 0.017578125 0.028515625
0 0.34609375 0.6015625 0.02353515625 0.04072265625
0 0.403125 0.41640625 0.02158203125 0.028125
0 0.43984375 0.653125 0.0240234375 0.04375
0 0.40234375 0.4390625 0.02294921875 0.0345703125
0 0.49921875 0.396875 0.019921875 0.03466796875
0 0.47109375 0.615625 0.0234375 0.04072265625
0 0.31875 0.45703125 0.0189453125 0.0326171875
0 0.6953125 0.6 0.0255859375 0.04296875