1 0.50234375 0.5515625 0.7703125 0.896875
0 0.46953125 0.57890625 0.02685546875 0.0421875
0 0.453125 0.67734375 0.02861328125 0.046875
0 0.3859375 0.4515625 0.0220703125 0.0349609375
0 0.30859375 0.81484375 0.02939453125 0.04599609375
0 0.5015625 0.50390625 0.0224609375 0.038671875
0 0.44453125 0.5859375 0.02412109375 0.04091796875
0 0.328125 0.7796875 0.0310546875 0.052734375
0 0.35625 0.8015625 0.0279296875 0.03984375
0 0.4578125 0.4828125 0.02216796875 0.03759765625
0 0.4328125 0.55546875 0.02265625 0.0333984375
0 0.4734375 0.1890625 0.016015625 0.02802734375
0 0.471875 0.5375 0.021875 0.0375
0 0.6171875 0.665625 0.02890625 0.04755859375
0 0.5546875 0.396875 0.02138671875 0.0376953125