0 0.46328125 0.50546875 0.01962890625 0.02392578125
0 0.4578125 0.525 0.01923828125 0.02490234375
0 0.45234375 0.5421875 0.01875 0.022265625
0 0.446875 0.5609375 0.0212890625 0.02236328125
0 0.4421875 0.58984375 0.0224609375 0.039453125
0 0.478125 0.51640625 0.019140625 0.023046875
0 0.47421875 0.534375 0.02080078125 0.02236328125
0 0.49453125 0.5296875 0.01875 0.0251953125
0 0.46875 0.55390625 0.021875 0.0240234375
0 0.4640625 0.58203125 0.01875 0.040625
0 0.4859375 0.57578125 0.0248046875 0.0421875
0 0.4890625 0.5484375 0.019140625 0.0248046875
0 0.50625 0.5671875 0.0189453125 0.0375
0 0.509375 0.54140625 0.019140625 0.023828125
0 0.5265625 0.5625 0.0244140625 0.03798828125
0 0.45 0.24375 0.0158203125 0.025390625
1 0.51484375 0.56328125 0.7390625 0.8734375