1 0.55078125 0.5375 0.709375 0.80322265625
0 0.5609375 0.5296875 0.024609375 0.04091796875
0 0.4984375 0.484375 0.02451171875 0.03505859375
0 0.43515625 0.271875 0.01689453125 0.028515625
0 0.49453125 0.525 0.0203125 0.037109375
0 0.55625 0.44765625 0.0216796875 0.03623046875
0 0.63046875 0.66796875 0.0234375 0.034375
0 0.67734375 0.640625 0.02900390625 0.04443359375
0 0.60859375 0.584375 0.023828125 0.04375
0 0.478125 0.55078125 0.02158203125 0.03935546875
0 0.36171875 0.31953125 0.0171875 0.02958984375
0 0.5921875 0.40078125 0.022265625 0.034375
0 0.29609375 0.34296875 0.019921875 0.0328125
0 0.39453125 0.60078125 0.0228515625 0.041796875