1 0.55078125 0.5375 0.671875 0.77158203125
0 0.51171875 0.521875 0.023046875 0.0375
0 0.4984375 0.484375 0.0251953125 0.0349609375
0 0.4765625 0.4953125 0.0244140625 0.03984375
0 0.43515625 0.271875 0.015625 0.028125
0 0.4609375 0.53984375 0.02109375 0.036328125
0 0.55625 0.44765625 0.0220703125 0.03623046875
0 0.63046875 0.66796875 0.026171875 0.0359375
0 0.67734375 0.640625 0.0240234375 0.0435546875
0 0.60859375 0.584375 0.025 0.044140625
0 0.478125 0.55078125 0.01923828125 0.03896484375
0 0.36171875 0.31953125 0.0203125 0.0302734375
0 0.5921875 0.40078125 0.021875 0.034375