0 0.46328125 0.50546875 0.01728515625 0.02353515625
0 0.4578125 0.525 0.0212890625 0.0251953125
0 0.45234375 0.5421875 0.01875 0.0220703125
0 0.446875 0.5609375 0.0212890625 0.02236328125
0 0.4421875 0.58984375 0.0216796875 0.0390625
0 0.478125 0.51640625 0.019140625 0.023046875
0 0.47421875 0.534375 0.0205078125 0.0220703125
0 0.49453125 0.5296875 0.019921875 0.02548828125
0 0.46875 0.55390625 0.0212890625 0.02412109375
0 0.4640625 0.58203125 0.019140625 0.040625
0 0.4859375 0.57578125 0.022265625 0.041796875
0 0.4890625 0.5484375 0.01875 0.02490234375
0 0.50625 0.5671875 0.02197265625 0.037890625
0 0.509375 0.54140625 0.01953125 0.023828125
0 0.5265625 0.5625 0.0248046875 0.03994140625
0 0.45 0.24375 0.0181640625 0.025390625
1 0.51484375 0.565625 0.7265625 0.86875