1 0.51328125 0.56328125 0.7421875 0.8734375
0 0.4 0.54921875 0.0248046875 0.040625
0 0.6953125 0.60078125 0.0220703125 0.0421875
0 0.57421875 0.4875 0.02041015625 0.03740234375
0 0.27578125 0.325 0.019921875 0.028515625
0 0.34609375 0.6015625 0.0259765625 0.0412109375
0 0.403125 0.41640625 0.02119140625 0.026953125
0 0.43984375 0.653125 0.02373046875 0.0435546875
0 0.5671875 0.39609375 0.02197265625 0.03525390625
0 0.40234375 0.4390625 0.02294921875 0.0349609375
0 0.49921875 0.396875 0.0203125 0.03466796875
0 0.47109375 0.615625 0.0265625 0.0431640625
0 0.48515625 0.46171875 0.019921875 0.0326171875
0 0.265625 0.45703125 0.01923828125 0.0359375