1 0.51328125 0.5640625 0.7359375 0.871875
0 0.4 0.54921875 0.0275390625 0.0421875
0 0.57421875 0.4875 0.02314453125 0.03779296875
0 0.27578125 0.325 0.0171875 0.028125
0 0.34609375 0.6015625 0.02626953125 0.04306640625
0 0.403125 0.41640625 0.01884765625 0.0265625
0 0.43984375 0.653125 0.02412109375 0.0439453125
0 0.40234375 0.4390625 0.0228515625 0.034375
0 0.49921875 0.396875 0.0171875 0.03427734375
0 0.47109375 0.615625 0.023828125 0.0408203125
0 0.31875 0.45703125 0.0185546875 0.0326171875
0 0.6953125 0.6 0.02197265625 0.040625