1 0.55078125 0.5375 0.709375 0.80322265625
0 0.5609375 0.5296875 0.025 0.0412109375
0 0.4984375 0.484375 0.02451171875 0.03505859375
0 0.43515625 0.271875 0.0166015625 0.028125
0 0.55625 0.446875 0.02216796875 0.03681640625
0 0.63046875 0.66796875 0.023828125 0.035546875
0 0.60078125 0.5265625 0.023828125 0.03818359375
0 0.60859375 0.584375 0.026171875 0.0443359375
0 0.59296875 0.40234375 0.02333984375 0.0359375
0 0.36171875 0.3203125 0.0203125 0.02890625
0 0.29609375 0.34296875 0.0201171875 0.0330078125
0 0.39453125 0.60078125 0.02314453125 0.041796875