1 0.55078125 0.5375 0.678125 0.7775390625
0 0.5609375 0.5296875 0.025390625 0.04130859375
0 0.4984375 0.484375 0.02177734375 0.03427734375
0 0.43515625 0.271875 0.01416015625 0.028125
0 0.49453125 0.525 0.023828125 0.037890625
0 0.63046875 0.66796875 0.026953125 0.036328125
0 0.67734375 0.640625 0.02626953125 0.04404296875
0 0.60859375 0.584375 0.025 0.0439453125
0 0.478125 0.55078125 0.02197265625 0.03935546875
0 0.36171875 0.31953125 0.017578125 0.02958984375
0 0.29609375 0.34296875 0.01875 0.0328125
0 0.39453125 0.60078125 0.02314453125 0.041796875