1 0.50234375 0.5640625 0.7015625 0.871875
0 0.46953125 0.57890625 0.02333984375 0.040625
0 0.453125 0.67734375 0.0275390625 0.045703125
0 0.3859375 0.4515625 0.024609375 0.037109375
0 0.30859375 0.81484375 0.03212890625 0.04794921875
0 0.5015625 0.50390625 0.02255859375 0.038671875
0 0.44453125 0.5859375 0.0263671875 0.0412109375
0 0.328125 0.7796875 0.030859375 0.05234375
0 0.35625 0.8015625 0.02509765625 0.0375
0 0.4578125 0.4828125 0.0248046875 0.0400390625
0 0.4328125 0.55546875 0.0224609375 0.03330078125
0 0.4734375 0.1890625 0.01640625 0.0283203125
0 0.471875 0.5375 0.02421875 0.037890625
0 0.6171875 0.665625 0.025 0.04677734375
0 0.5546875 0.396875 0.0216796875 0.0375