1 0.51328125 0.56171875 0.7484375 0.8765625
0 0.40703125 0.7734375 0.0296875 0.0373046875
0 0.57421875 0.4875 0.02275390625 0.03779296875
0 0.340625 0.6015625 0.02470703125 0.04091796875
0 0.403125 0.41640625 0.02119140625 0.026953125
0 0.43984375 0.653125 0.0267578125 0.044140625
0 0.40234375 0.4390625 0.02333984375 0.0349609375
0 0.49921875 0.396875 0.0203125 0.03466796875
0 0.47109375 0.615625 0.026171875 0.04111328125
0 0.6953125 0.6 0.02431640625 0.041015625
0 0.27578125 0.32578125 0.017578125 0.03271484375