1 0.51484375 0.5640625 0.7296875 0.871875
0 0.30234375 0.34296875 0.017578125 0.030078125
0 0.29609375 0.434375 0.02353515625 0.03505859375
0 0.40390625 0.43125 0.0228515625 0.031640625
0 0.41328125 0.41171875 0.02294921875 0.030078125
0 0.44140625 0.35 0.01787109375 0.031640625
0 0.34609375 0.6 0.02373046875 0.0435546875
0 0.4 0.5484375 0.02451171875 0.0349609375
0 0.47109375 0.61484375 0.025 0.039453125
0 0.5171875 0.359375 0.0158203125 0.02822265625
0 0.31875 0.26484375 0.0181640625 0.030078125
0 0.4390625 0.653125 0.0255859375 0.04443359375
0 0.57421875 0.48671875 0.0234375 0.03662109375
0 0.5 0.396875 0.02138671875 0.0318359375
0 0.5671875 0.3953125 0.01943359375 0.03173828125
0 0.69453125 0.59921875 0.0240234375 0.041796875