1 0.50234375 0.56484375 0.6953125 0.8703125
0 0.46953125 0.57890625 0.0259765625 0.041796875
0 0.453125 0.678125 0.03095703125 0.04970703125
0 0.3859375 0.4515625 0.022265625 0.03515625
0 0.30859375 0.81484375 0.02666015625 0.04521484375
0 0.50703125 0.5015625 0.02353515625 0.03984375
0 0.434375 0.534375 0.02421875 0.037890625
0 0.328125 0.7796875 0.0283203125 0.05234375
0 0.35625 0.8015625 0.02822265625 0.03984375
0 0.29453125 0.59375 0.025 0.0380859375
0 0.4671875 0.18203125 0.01533203125 0.026953125
0 0.471875 0.5375 0.022265625 0.0375
0 0.5546875 0.396875 0.0216796875 0.0375