1 0.50234375 0.55234375 0.7671875 0.8953125
0 0.46953125 0.57890625 0.02373046875 0.040625
0 0.4515625 0.67734375 0.02744140625 0.046875
0 0.3859375 0.4515625 0.0244140625 0.0369140625
0 0.30859375 0.81484375 0.03212890625 0.04794921875
0 0.49921875 0.50390625 0.01875 0.038671875
0 0.44453125 0.5859375 0.02607421875 0.04091796875
0 0.328125 0.7796875 0.0310546875 0.05234375
0 0.35625 0.8015625 0.0275390625 0.037890625
0 0.4578125 0.4828125 0.0216796875 0.0376953125
0 0.4328125 0.55546875 0.0248046875 0.03525390625
0 0.4734375 0.1890625 0.016015625 0.0279296875
0 0.471875 0.5375 0.021875 0.0375