1 0.55078125 0.5375 0.671875 0.7716796875
0 0.51171875 0.521875 0.023828125 0.037890625
0 0.4984375 0.484375 0.02451171875 0.03466796875
0 0.4765625 0.4953125 0.0224609375 0.037890625
0 0.43515625 0.271875 0.017578125 0.028515625
0 0.46015625 0.54140625 0.0234375 0.040625
0 0.55625 0.44765625 0.022265625 0.0361328125
0 0.63046875 0.66796875 0.025 0.035546875
0 0.67734375 0.640625 0.02666015625 0.04443359375
0 0.60859375 0.584375 0.023046875 0.043359375
0 0.478125 0.55078125 0.0224609375 0.0396484375
0 0.36171875 0.31953125 0.019921875 0.02998046875
0 0.5921875 0.40078125 0.019140625 0.0328125
0 0.29609375 0.34296875 0.020703125 0.033203125
0 0.39453125 0.60078125 0.025 0.0421875