1 0.5140625 0.5734375 0.68994140625 0.8525390625
0 0.40703125 0.7734375 0.0265625 0.0345703125
0 0.57421875 0.4875 0.02275390625 0.03779296875
0 0.340625 0.6015625 0.02470703125 0.04091796875
0 0.403125 0.41640625 0.0193359375 0.0265625
0 0.43984375 0.653125 0.02646484375 0.0443359375
0 0.40234375 0.4390625 0.02333984375 0.0349609375
0 0.49921875 0.396875 0.0171875 0.03427734375
0 0.47109375 0.615625 0.026953125 0.04306640625
0 0.6953125 0.6 0.0251953125 0.04296875
0 0.27578125 0.32578125 0.0203125 0.03349609375