1 0.5015625 0.56640625 0.6875 0.8671875
0 0.453125 0.67734375 0.025390625 0.04521484375
0 0.2734375 0.45390625 0.0251953125 0.0384765625
0 0.3859375 0.4515625 0.0220703125 0.0349609375
0 0.35625 0.8015625 0.0283203125 0.03515625
0 0.50703125 0.3859375 0.01767578125 0.03134765625
0 0.45703125 0.48203125 0.023828125 0.03837890625
0 0.465625 0.5703125 0.0248046875 0.041015625
0 0.4875 0.58046875 0.02568359375 0.04287109375
0 0.4796875 0.52421875 0.021875 0.03896484375
0 0.44296875 0.57421875 0.023828125 0.040625
0 0.5546875 0.39453125 0.021875 0.034375
0 0.47265625 0.1875 0.0140625 0.0251953125
0 0.45078125 0.546875 0.02607421875 0.027734375
0 0.328125 0.778125 0.0255859375 0.05
0 0.31015625 0.8109375 0.029296875 0.04140625