1 0.5015625 0.55625 0.74375 0.8875
0 0.453125 0.67734375 0.025390625 0.04560546875
0 0.2734375 0.45390625 0.0248046875 0.0384765625
0 0.3859375 0.4515625 0.0244140625 0.0369140625
0 0.35625 0.8015625 0.03076171875 0.0373046875
0 0.50703125 0.3859375 0.02001953125 0.03173828125
0 0.45703125 0.48203125 0.0234375 0.03837890625
0 0.465625 0.5703125 0.02470703125 0.041015625
0 0.4875 0.58046875 0.02177734375 0.04208984375
0 0.4796875 0.52421875 0.025 0.03974609375
0 0.44296875 0.57421875 0.026171875 0.0421875
0 0.5546875 0.39453125 0.021484375 0.033203125
0 0.47265625 0.1875 0.014453125 0.02509765625
0 0.45078125 0.546875 0.02412109375 0.02578125
0 0.328125 0.778125 0.0310546875 0.052734375
0 0.31015625 0.8109375 0.028125 0.0408203125