1 0.55234375 0.5375 0.6923828125 0.7845703125
0 0.434375 0.27109375 0.018359375 0.02705078125
0 0.296875 0.3421875 0.01884765625 0.031640625
0 0.3625 0.3203125 0.01806640625 0.03115234375
0 0.39453125 0.60078125 0.0234375 0.03935546875
0 0.4609375 0.540625 0.019140625 0.034375
0 0.47890625 0.55234375 0.02099609375 0.036328125
0 0.47578125 0.49453125 0.02041015625 0.03330078125
0 0.5109375 0.521875 0.02109375 0.03759765625
0 0.49765625 0.48671875 0.0203125 0.035546875
0 0.59375 0.40078125 0.01884765625 0.02998046875
0 0.55546875 0.44765625 0.0171875 0.0326171875
0 0.6296875 0.6671875 0.0251953125 0.034765625
0 0.60859375 0.5828125 0.023828125 0.03818359375
0 0.67734375 0.63984375 0.023046875 0.03935546875