1 0.50234375 0.553125 0.7609375 0.89375
0 0.46953125 0.57890625 0.02685546875 0.0421875
0 0.453125 0.67734375 0.0287109375 0.046875
0 0.3859375 0.4515625 0.02265625 0.037109375
0 0.30859375 0.81484375 0.02900390625 0.04560546875
0 0.5015625 0.50390625 0.02216796875 0.0375
0 0.44453125 0.5859375 0.02373046875 0.04052734375
0 0.328125 0.7796875 0.0283203125 0.050390625
0 0.35625 0.8015625 0.02783203125 0.037890625
0 0.4578125 0.4828125 0.02451171875 0.03994140625
0 0.4328125 0.55546875 0.0244140625 0.03525390625
0 0.4734375 0.1890625 0.01640625 0.02841796875
0 0.471875 0.5375 0.025390625 0.03828125
0 0.6171875 0.665625 0.02734375 0.04716796875
0 0.5546875 0.396875 0.0212890625 0.0375