1 0.55234375 0.5375 0.68583984375 0.77861328125
0 0.328125 0.2671875 0.018359375 0.0287109375
0 0.30234375 0.35546875 0.0201171875 0.0328125
0 0.340625 0.35390625 0.0181640625 0.0333984375
0 0.396875 0.60078125 0.024609375 0.03935546875
0 0.39453125 0.24375 0.0140625 0.0279296875
0 0.45546875 0.5140625 0.023046875 0.03515625
0 0.47734375 0.54921875 0.02294921875 0.036328125
0 0.47578125 0.49453125 0.01962890625 0.03330078125
0 0.51171875 0.5234375 0.0234375 0.04140625
0 0.49765625 0.48671875 0.019921875 0.034375
0 0.59375 0.40078125 0.01884765625 0.02998046875
0 0.5578125 0.4484375 0.0189453125 0.03173828125
0 0.6296875 0.6671875 0.0251953125 0.034765625
0 0.60859375 0.5828125 0.0203125 0.03740234375
0 0.67734375 0.63984375 0.021875 0.03935546875