1 0.50234375 0.5640625 0.7015625 0.871875
0 0.46953125 0.57890625 0.02333984375 0.040625
0 0.453125 0.678125 0.02822265625 0.04931640625
0 0.3859375 0.4515625 0.0224609375 0.0349609375
0 0.30859375 0.81484375 0.02705078125 0.04560546875
0 0.50703125 0.5015625 0.0232421875 0.037890625
0 0.44453125 0.5859375 0.0240234375 0.0408203125
0 0.328125 0.7796875 0.0287109375 0.05234375
0 0.35625 0.8015625 0.02822265625 0.03984375
0 0.57421875 0.62109375 0.023046875 0.040625
0 0.46875 0.17890625 0.0123046875 0.0203125
0 0.471875 0.5375 0.025 0.03828125
0 0.6171875 0.665625 0.02734375 0.0470703125
0 0.5546875 0.396875 0.01943359375 0.0373046875