1 0.5015625 0.5625 0.709375 0.875
0 0.453125 0.67734375 0.025390625 0.04560546875
0 0.2734375 0.45390625 0.02451171875 0.03642578125
0 0.3859375 0.4515625 0.02490234375 0.03681640625
0 0.35625 0.8015625 0.03076171875 0.0373046875
0 0.50703125 0.3859375 0.01962890625 0.03173828125
0 0.45703125 0.48203125 0.0203125 0.03603515625
0 0.465625 0.5703125 0.02548828125 0.04140625
0 0.4875 0.58046875 0.0216796875 0.0419921875
0 0.4796875 0.52421875 0.025 0.03974609375
0 0.44296875 0.57421875 0.026953125 0.0421875
0 0.5546875 0.39453125 0.01875 0.0328125
0 0.47265625 0.1875 0.0140625 0.02509765625
0 0.45078125 0.546875 0.02373046875 0.025390625
0 0.328125 0.778125 0.0255859375 0.05
0 0.31015625 0.8109375 0.029296875 0.0408203125