1 0.50234375 0.55625 0.7421875 0.8875
0 0.46953125 0.57890625 0.02333984375 0.040625
0 0.453125 0.67734375 0.02783203125 0.045703125
0 0.3859375 0.4515625 0.0244140625 0.0369140625
0 0.30859375 0.81484375 0.03212890625 0.04794921875
0 0.5015625 0.50390625 0.0224609375 0.038671875
0 0.44453125 0.5859375 0.0267578125 0.0412109375
0 0.328125 0.7796875 0.0310546875 0.052734375
0 0.35625 0.8015625 0.02744140625 0.037890625
0 0.45703125 0.475 0.023046875 0.02431640625
0 0.45625 0.5015625 0.0216796875 0.040234375
0 0.4734375 0.1890625 0.016015625 0.0279296875
0 0.471875 0.5375 0.024609375 0.03828125
0 0.6171875 0.665625 0.02734375 0.0470703125
0 0.5546875 0.396875 0.01943359375 0.0376953125