1 0.55078125 0.5375 0.7375 0.82548828125
0 0.5609375 0.5296875 0.021875 0.04052734375
0 0.4984375 0.484375 0.02451171875 0.03505859375
0 0.43515625 0.271875 0.0166015625 0.028515625
0 0.55625 0.446875 0.01904296875 0.03447265625
0 0.63046875 0.66796875 0.025 0.035546875
0 0.67734375 0.640625 0.02900390625 0.04443359375
0 0.60859375 0.584375 0.023828125 0.0439453125
0 0.59296875 0.40234375 0.02294921875 0.035546875
0 0.36171875 0.31953125 0.019921875 0.0298828125
0 0.29609375 0.34296875 0.020703125 0.033203125
0 0.39453125 0.60078125 0.02041015625 0.040625
0 0.4171875 0.5625 0.02529296875 0.03818359375