1 0.50234375 0.5640625 0.7015625 0.871875
0 0.46953125 0.57890625 0.02724609375 0.0421875
0 0.453125 0.678125 0.02744140625 0.04736328125
0 0.3859375 0.4515625 0.0224609375 0.0349609375
0 0.30859375 0.81484375 0.0294921875 0.0455078125
0 0.50703125 0.5015625 0.0236328125 0.03984375
0 0.44453125 0.5859375 0.0232421875 0.0404296875
0 0.328125 0.7796875 0.03125 0.05234375
0 0.35625 0.8015625 0.02783203125 0.03984375
0 0.57421875 0.62109375 0.026171875 0.0421875
0 0.4671875 0.18203125 0.01533203125 0.02685546875
0 0.471875 0.5375 0.022265625 0.0375
0 0.6171875 0.665625 0.028125 0.04755859375
0 0.5546875 0.396875 0.01904296875 0.0373046875