1 0.51328125 0.56953125 0.7109375 0.8609375
0 0.4 0.54921875 0.0279296875 0.0421875
0 0.57421875 0.4875 0.02353515625 0.03818359375
0 0.27578125 0.325 0.0171875 0.028125
0 0.34609375 0.6015625 0.02353515625 0.04072265625
0 0.403125 0.41640625 0.01923828125 0.0265625
0 0.43984375 0.653125 0.02333984375 0.0435546875
0 0.40234375 0.4390625 0.02099609375 0.0345703125
0 0.49921875 0.396875 0.017578125 0.03427734375
0 0.47109375 0.615625 0.023828125 0.04072265625
0 0.31875 0.45703125 0.02216796875 0.03349609375
0 0.6953125 0.6 0.02548828125 0.04296875