1 0.50234375 0.56015625 0.7203125 0.8796875
0 0.46953125 0.57890625 0.02607421875 0.041796875
0 0.453125 0.678125 0.0306640625 0.0494140625
0 0.3859375 0.4515625 0.0244140625 0.0349609375
0 0.30859375 0.81484375 0.02978515625 0.04599609375
0 0.50703125 0.5015625 0.02314453125 0.037890625
0 0.434375 0.534375 0.024609375 0.03828125
0 0.328125 0.7796875 0.03046875 0.05234375
0 0.35625 0.8015625 0.02548828125 0.0375
0 0.29453125 0.59375 0.026953125 0.0400390625
0 0.4671875 0.18203125 0.0150390625 0.0265625
0 0.471875 0.5375 0.02421875 0.037890625
0 0.5546875 0.396875 0.0212890625 0.0375