1 0.55078125 0.5375 0.703125 0.79736328125
0 0.5609375 0.5296875 0.024609375 0.04091796875
0 0.4984375 0.484375 0.02529296875 0.03505859375
0 0.43515625 0.271875 0.0166015625 0.028515625
0 0.49453125 0.525 0.021875 0.0375
0 0.55625 0.44765625 0.021875 0.0361328125
0 0.63046875 0.66796875 0.0265625 0.0359375
0 0.67734375 0.640625 0.02587890625 0.04404296875
0 0.60859375 0.584375 0.0265625 0.044140625
0 0.478125 0.55078125 0.0193359375 0.0388671875
0 0.36171875 0.31953125 0.0203125 0.03037109375
0 0.5921875 0.40078125 0.02109375 0.033203125
0 0.29609375 0.34296875 0.0203125 0.033203125
0 0.39453125 0.60078125 0.02392578125 0.0421875