1 0.5140625 0.5734375 0.6900390625 0.852734375
0 0.4 0.54921875 0.0283203125 0.0421875
0 0.57421875 0.4875 0.02392578125 0.03818359375
0 0.27578125 0.325 0.01875 0.028515625
0 0.34609375 0.6015625 0.02626953125 0.04306640625
0 0.403125 0.41640625 0.01884765625 0.0265625
0 0.43984375 0.653125 0.02607421875 0.0439453125
0 0.40234375 0.4390625 0.0205078125 0.033984375
0 0.49921875 0.396875 0.0203125 0.0349609375
0 0.47109375 0.615625 0.026953125 0.0431640625
0 0.296875 0.4578125 0.034375 0.037890625
0 0.265625 0.45703125 0.0216796875 0.03623046875
0 0.6953125 0.6 0.02470703125 0.041015625