1 0.55078125 0.5375 0.753125 0.8380859375
0 0.5609375 0.5296875 0.025390625 0.04130859375
0 0.4984375 0.484375 0.02216796875 0.03427734375
0 0.43515625 0.271875 0.0142578125 0.028125
0 0.55625 0.446875 0.01943359375 0.03486328125
0 0.63046875 0.66796875 0.0265625 0.0359375
0 0.60078125 0.5265625 0.0234375 0.03818359375
0 0.60859375 0.584375 0.021875 0.043359375
0 0.59296875 0.40234375 0.02333984375 0.0359375
0 0.36171875 0.3203125 0.019921875 0.028515625
0 0.29609375 0.34296875 0.02041015625 0.03349609375
0 0.39453125 0.60078125 0.0228515625 0.041796875