1 0.50234375 0.55859375 0.7296875 0.8828125
0 0.46953125 0.57890625 0.0271484375 0.0421875
0 0.453125 0.678125 0.02822265625 0.04736328125
0 0.3859375 0.4515625 0.021484375 0.034765625
0 0.30859375 0.81484375 0.03017578125 0.04599609375
0 0.50703125 0.5015625 0.02314453125 0.037890625
0 0.434375 0.534375 0.021875 0.0375
0 0.328125 0.7796875 0.03125 0.05234375
0 0.35625 0.8015625 0.02744140625 0.037890625
0 0.559375 0.43046875 0.022265625 0.03525390625
0 0.4671875 0.18203125 0.01494140625 0.0265625
0 0.471875 0.5375 0.025 0.03828125