1 0.5140625 0.5734375 0.67509765625 0.8408203125
0 0.4 0.54921875 0.0248046875 0.040625
0 0.6953125 0.60078125 0.0251953125 0.04375
0 0.57421875 0.4875 0.0228515625 0.0376953125
0 0.27578125 0.325 0.0171875 0.028125
0 0.34609375 0.6015625 0.02705078125 0.04306640625
0 0.403125 0.41640625 0.01884765625 0.0265625
0 0.43984375 0.653125 0.02724609375 0.0443359375
0 0.40234375 0.4390625 0.02099609375 0.0345703125
0 0.49921875 0.396875 0.019921875 0.03466796875
0 0.47109375 0.615625 0.0265625 0.0431640625
0 0.565625 0.44296875 0.021875 0.03349609375