1 0.55078125 0.5375 0.709375 0.8033203125
0 0.5609375 0.5296875 0.021875 0.04052734375
0 0.4984375 0.484375 0.02255859375 0.03466796875
0 0.43515625 0.271875 0.0146484375 0.028125
0 0.49453125 0.525 0.020703125 0.0373046875
0 0.55625 0.44765625 0.022265625 0.0361328125
0 0.63046875 0.66796875 0.026171875 0.0359375
0 0.67734375 0.640625 0.02666015625 0.04443359375
0 0.60859375 0.584375 0.025 0.0443359375
0 0.478125 0.55078125 0.01923828125 0.03896484375
0 0.36171875 0.31953125 0.0171875 0.02958984375
0 0.5921875 0.40078125 0.019140625 0.0328125
0 0.29609375 0.34296875 0.019921875 0.0328125
0 0.39453125 0.60078125 0.02392578125 0.0421875