1 0.50234375 0.55859375 0.7296875 0.8828125
0 0.46953125 0.57890625 0.02333984375 0.040625
0 0.453125 0.67734375 0.02509765625 0.0453125
0 0.3859375 0.4515625 0.0248046875 0.0369140625
0 0.30859375 0.81484375 0.02978515625 0.04599609375
0 0.5015625 0.50390625 0.02216796875 0.0375
0 0.44453125 0.5859375 0.02412109375 0.04091796875
0 0.328125 0.7796875 0.0275390625 0.050390625
0 0.35625 0.8015625 0.0251953125 0.0375
0 0.4578125 0.4828125 0.02451171875 0.03798828125
0 0.4328125 0.55546875 0.0216796875 0.03291015625
0 0.4734375 0.1890625 0.01640625 0.0283203125
0 0.471875 0.5375 0.025 0.03828125
0 0.6171875 0.665625 0.025390625 0.04677734375
0 0.5546875 0.396875 0.0189453125 0.037109375