1 0.55078125 0.5375 0.732421875 0.82197265625
0 0.5609375 0.5296875 0.025390625 0.04130859375
0 0.4984375 0.484375 0.02255859375 0.03466796875
0 0.43515625 0.271875 0.0173828125 0.028515625
0 0.55625 0.446875 0.01904296875 0.03447265625
0 0.63046875 0.66796875 0.0265625 0.0359375
0 0.67734375 0.640625 0.0236328125 0.0435546875
0 0.60859375 0.584375 0.023046875 0.0435546875
0 0.59296875 0.40234375 0.0208984375 0.035546875
0 0.36171875 0.31953125 0.019921875 0.02998046875
0 0.29609375 0.34296875 0.0203125 0.033203125
0 0.39453125 0.60078125 0.02392578125 0.0421875
0 0.4171875 0.5625 0.02216796875 0.03740234375