1 0.55234375 0.5375 0.73310546875 0.81884765625
0 0.434375 0.27109375 0.01796875 0.02705078125
0 0.296875 0.3421875 0.01572265625 0.03125
0 0.3625 0.3203125 0.01611328125 0.03115234375
0 0.39453125 0.60078125 0.025 0.03974609375
0 0.4609375 0.540625 0.021875 0.03671875
0 0.47890625 0.55234375 0.02060546875 0.0359375
0 0.47578125 0.49453125 0.01962890625 0.03330078125
0 0.5109375 0.521875 0.021875 0.0380859375
0 0.49765625 0.48671875 0.019921875 0.034375
0 0.59375 0.40078125 0.0185546875 0.0298828125
0 0.55546875 0.44765625 0.019921875 0.03310546875
0 0.6296875 0.6671875 0.02470703125 0.0345703125
0 0.60859375 0.5828125 0.023046875 0.0376953125
0 0.67734375 0.63984375 0.021875 0.0392578125