1 0.51484375 0.55859375 0.7609375 0.8828125
0 0.22578125 0.2453125 0.015625 0.0248046875
0 0.45078125 0.296875 0.0171875 0.028515625
0 0.365625 0.428125 0.01953125 0.0318359375
0 0.40078125 0.43828125 0.02060546875 0.03125
0 0.4125 0.4203125 0.01884765625 0.0283203125
0 0.4515625 0.3734375 0.0162109375 0.03134765625
0 0.33359375 0.62578125 0.023828125 0.03955078125
0 0.4 0.5484375 0.02255859375 0.0349609375
0 0.47109375 0.61484375 0.023828125 0.0390625
0 0.515625 0.3703125 0.0189453125 0.0283203125
0 0.32421875 0.23984375 0.016796875 0.02685546875
0 0.44296875 0.65859375 0.0234375 0.0423828125
0 0.57421875 0.48671875 0.0234375 0.03662109375
0 0.4875 0.41484375 0.02138671875 0.033203125
0 0.5484375 0.38828125 0.01943359375 0.03310546875
0 0.69453125 0.59921875 0.02685546875 0.0421875