1 0.50234375 0.5609375 0.7140625 0.878125
0 0.46953125 0.57890625 0.02646484375 0.0421875
0 0.453125 0.67734375 0.02548828125 0.0453125
0 0.3859375 0.4515625 0.022265625 0.03515625
0 0.30859375 0.81484375 0.03212890625 0.04794921875
0 0.5015625 0.50390625 0.02529296875 0.0390625
0 0.44453125 0.5859375 0.02412109375 0.04091796875
0 0.328125 0.7796875 0.027734375 0.050390625
0 0.35625 0.8015625 0.0283203125 0.03984375
0 0.4578125 0.4828125 0.0248046875 0.0400390625
0 0.4328125 0.55546875 0.0224609375 0.03330078125
0 0.4734375 0.1890625 0.015625 0.02802734375
0 0.471875 0.5375 0.025390625 0.03828125
0 0.6171875 0.665625 0.028125 0.04755859375
0 0.5546875 0.396875 0.0216796875 0.0375