1 0.55078125 0.5375 0.7375 0.8255859375
0 0.5609375 0.5296875 0.02265625 0.04091796875
0 0.4984375 0.484375 0.02451171875 0.03466796875
0 0.43515625 0.271875 0.01650390625 0.028515625
0 0.55625 0.446875 0.02177734375 0.03681640625
0 0.63046875 0.66796875 0.0265625 0.0359375
0 0.67734375 0.640625 0.02705078125 0.04443359375
0 0.60859375 0.584375 0.025 0.0443359375
0 0.59296875 0.40234375 0.0228515625 0.035546875
0 0.36171875 0.31953125 0.017578125 0.02998046875
0 0.29609375 0.34296875 0.021875 0.034375
0 0.39453125 0.60078125 0.02080078125 0.040625
0 0.4171875 0.5625 0.02490234375 0.03818359375