1 0.55078125 0.5375 0.691796875 0.78759765625
0 0.51171875 0.521875 0.0203125 0.037109375
0 0.4984375 0.484375 0.02216796875 0.03466796875
0 0.4765625 0.4953125 0.0251953125 0.03984375
0 0.43515625 0.271875 0.0171875 0.028515625
0 0.46015625 0.54140625 0.023046875 0.039453125
0 0.55625 0.44765625 0.0216796875 0.03623046875
0 0.63046875 0.66796875 0.025 0.035546875
0 0.67734375 0.640625 0.02626953125 0.04404296875
0 0.60859375 0.584375 0.021875 0.0435546875
0 0.478125 0.55078125 0.02158203125 0.03935546875
0 0.36171875 0.31953125 0.0203125 0.03037109375
0 0.5921875 0.40078125 0.021875 0.034375
0 0.29609375 0.34296875 0.020703125 0.033203125
0 0.39453125 0.60078125 0.026171875 0.0421875