1 0.50234375 0.55234375 0.7671875 0.8953125
0 0.46953125 0.57890625 0.02685546875 0.0421875
0 0.453125 0.67734375 0.02548828125 0.045703125
0 0.3859375 0.4515625 0.0216796875 0.0345703125
0 0.30859375 0.81484375 0.02939453125 0.04560546875
0 0.5015625 0.50390625 0.02177734375 0.0375
0 0.44453125 0.5859375 0.0263671875 0.0412109375
0 0.328125 0.7796875 0.02578125 0.05
0 0.35625 0.8015625 0.0275390625 0.037890625
0 0.45703125 0.475 0.0203125 0.02197265625
0 0.45625 0.5015625 0.02177734375 0.0404296875
0 0.4734375 0.1890625 0.016015625 0.02802734375
0 0.471875 0.5375 0.021875 0.0375
0 0.6171875 0.665625 0.027734375 0.04716796875
0 0.5546875 0.396875 0.01904296875 0.0373046875