1 0.50234375 0.55234375 0.7671875 0.8953125
0 0.46953125 0.57890625 0.02333984375 0.040625
0 0.453125 0.67734375 0.02509765625 0.0453125
0 0.3859375 0.4515625 0.0220703125 0.0349609375
0 0.30859375 0.81484375 0.02978515625 0.04599609375
0 0.50703125 0.5015625 0.02392578125 0.03984375
0 0.44453125 0.5859375 0.02373046875 0.04052734375
0 0.328125 0.7796875 0.0255859375 0.05
0 0.35625 0.8015625 0.02822265625 0.03984375
0 0.5625 0.6046875 0.025390625 0.03984375
0 0.4734375 0.18515625 0.01826171875 0.02705078125
0 0.471875 0.5375 0.025390625 0.03828125
0 0.6171875 0.665625 0.025 0.04677734375
0 0.5546875 0.396875 0.0185546875 0.037109375