1 0.51328125 0.56015625 0.7609375 0.8796875
0 0.4 0.54921875 0.0255859375 0.041796875
0 0.6953125 0.60078125 0.0220703125 0.0421875
0 0.57421875 0.4875 0.02392578125 0.03818359375
0 0.27578125 0.325 0.017578125 0.028515625
0 0.34609375 0.6015625 0.02626953125 0.04111328125
0 0.403125 0.41640625 0.0216796875 0.026953125
0 0.43984375 0.653125 0.02412109375 0.0439453125
0 0.5671875 0.39609375 0.0189453125 0.0330078125
0 0.40234375 0.4390625 0.0208984375 0.034375
0 0.49921875 0.396875 0.019921875 0.03466796875
0 0.47109375 0.615625 0.0234375 0.04072265625
0 0.48515625 0.46171875 0.020703125 0.03310546875
0 0.265625 0.45703125 0.0224609375 0.0375