1 0.55078125 0.5375 0.732421875 0.82197265625
0 0.5609375 0.5296875 0.022265625 0.04052734375
0 0.4984375 0.484375 0.02255859375 0.03466796875
0 0.43515625 0.271875 0.01416015625 0.028125
0 0.49453125 0.525 0.0234375 0.0380859375
0 0.63046875 0.66796875 0.023828125 0.034375
0 0.67734375 0.640625 0.0259765625 0.0439453125
0 0.60859375 0.584375 0.026171875 0.044140625
0 0.478125 0.55078125 0.01884765625 0.03896484375
0 0.36171875 0.31953125 0.017578125 0.0294921875
0 0.29609375 0.34296875 0.0203125 0.033203125
0 0.39453125 0.60078125 0.0232421875 0.041796875