1 0.50234375 0.55546875 0.7484375 0.8890625
0 0.46953125 0.57890625 0.0232421875 0.040625
0 0.453125 0.67734375 0.03056640625 0.04775390625
0 0.3859375 0.4515625 0.0224609375 0.0349609375
0 0.30859375 0.81484375 0.02978515625 0.04599609375
0 0.5015625 0.50390625 0.025390625 0.0390625
0 0.61875 0.66484375 0.02880859375 0.04794921875
0 0.44453125 0.5859375 0.02607421875 0.04130859375
0 0.328125 0.7796875 0.0279296875 0.050390625
0 0.35625 0.8015625 0.02744140625 0.037890625
0 0.4578125 0.4828125 0.02451171875 0.03798828125
0 0.4328125 0.55546875 0.022265625 0.0333984375
0 0.4734375 0.1890625 0.01640625 0.0283203125
0 0.5546875 0.39609375 0.022265625 0.03662109375
0 0.471875 0.5375 0.025390625 0.03828125