1 0.51328125 0.56171875 0.7484375 0.8765625
0 0.4 0.54921875 0.0279296875 0.0421875
0 0.6953125 0.60078125 0.0220703125 0.0421875
0 0.57421875 0.4875 0.0240234375 0.0380859375
0 0.27578125 0.325 0.019921875 0.028515625
0 0.34609375 0.6015625 0.02900390625 0.04306640625
0 0.41328125 0.4125 0.02333984375 0.0337890625
0 0.43984375 0.653125 0.02412109375 0.0439453125
0 0.5671875 0.39609375 0.02119140625 0.03330078125
0 0.4046875 0.4328125 0.01923828125 0.0341796875
0 0.49921875 0.396875 0.0171875 0.03427734375
0 0.47109375 0.615625 0.025 0.04111328125
0 0.44140625 0.35234375 0.02021484375 0.0328125
0 0.265625 0.45703125 0.01884765625 0.0359375
0 0.390625 0.3296875 0.01572265625 0.0283203125