1 0.51328125 0.5640625 0.7359375 0.871875
0 0.4 0.54921875 0.0255859375 0.041796875
0 0.57421875 0.4875 0.0232421875 0.0376953125
0 0.27578125 0.325 0.0171875 0.028125
0 0.34609375 0.6015625 0.0236328125 0.0408203125
0 0.403125 0.41640625 0.01884765625 0.0265625
0 0.43984375 0.653125 0.0267578125 0.044140625
0 0.40234375 0.4390625 0.0205078125 0.033984375
0 0.49921875 0.396875 0.01875 0.0345703125
0 0.47109375 0.615625 0.0234375 0.04072265625
0 0.540625 0.4609375 0.021484375 0.03369140625
0 0.265625 0.45703125 0.0216796875 0.03623046875
0 0.6953125 0.6 0.02470703125 0.041015625