1 0.5015625 0.5609375 0.715625 0.878125
0 0.453125 0.67734375 0.028125 0.04599609375
0 0.2734375 0.45390625 0.02490234375 0.03837890625
0 0.3859375 0.4515625 0.0248046875 0.0369140625
0 0.35625 0.8015625 0.03115234375 0.0373046875
0 0.50703125 0.3859375 0.02001953125 0.03173828125
0 0.45703125 0.48203125 0.0203125 0.03603515625
0 0.465625 0.5703125 0.02470703125 0.041015625
0 0.4875 0.58046875 0.02255859375 0.04248046875
0 0.4796875 0.52421875 0.025390625 0.0396484375
0 0.44296875 0.57421875 0.0265625 0.0421875
0 0.5546875 0.39453125 0.019140625 0.0328125
0 0.47265625 0.1875 0.015625 0.02548828125
0 0.45078125 0.546875 0.02373046875 0.025390625
0 0.328125 0.778125 0.0283203125 0.050390625
0 0.31015625 0.8109375 0.0296875 0.0412109375