1 0.5140625 0.5734375 0.6818359375 0.846875
0 0.4 0.54921875 0.0283203125 0.042578125
0 0.57421875 0.4875 0.02275390625 0.03779296875
0 0.27578125 0.325 0.019921875 0.028515625
0 0.34609375 0.6015625 0.0263671875 0.0431640625
0 0.403125 0.41640625 0.02158203125 0.026953125
0 0.43984375 0.653125 0.02607421875 0.0439453125
0 0.40234375 0.4390625 0.0205078125 0.034375
0 0.49921875 0.396875 0.0203125 0.0345703125
0 0.47109375 0.615625 0.023828125 0.04072265625
0 0.31875 0.45703125 0.0189453125 0.0326171875
0 0.6953125 0.6 0.02470703125 0.041015625