1 0.50234375 0.56796875 0.6796875 0.8640625
0 0.46953125 0.57890625 0.02333984375 0.040625
0 0.453125 0.678125 0.0255859375 0.0470703125
0 0.3859375 0.4515625 0.0248046875 0.0369140625
0 0.30859375 0.81484375 0.02939453125 0.04560546875
0 0.50703125 0.5015625 0.02275390625 0.037890625
0 0.434375 0.534375 0.021875 0.0375
0 0.328125 0.7796875 0.0251953125 0.05
0 0.35625 0.8015625 0.02783203125 0.037890625
0 0.496875 0.465625 0.01953125 0.0345703125
0 0.4671875 0.18203125 0.01259765625 0.0265625
0 0.471875 0.5375 0.024609375 0.037890625