1 0.55078125 0.5375 0.671875 0.77158203125
0 0.5609375 0.5296875 0.024609375 0.04091796875
0 0.4984375 0.484375 0.02177734375 0.03427734375
0 0.43515625 0.271875 0.01416015625 0.028125
0 0.55625 0.446875 0.01943359375 0.03486328125
0 0.63046875 0.66796875 0.0234375 0.034375
0 0.67734375 0.640625 0.02900390625 0.04443359375
0 0.60859375 0.584375 0.026171875 0.0443359375
0 0.59296875 0.40234375 0.02294921875 0.0359375
0 0.36171875 0.31953125 0.017578125 0.02998046875
0 0.29609375 0.34296875 0.0203125 0.033203125
0 0.39453125 0.60078125 0.02080078125 0.040625
0 0.4171875 0.5625 0.02216796875 0.03740234375