1 0.55078125 0.5375 0.691796875 0.78759765625
0 0.5609375 0.5296875 0.024609375 0.04091796875
0 0.4984375 0.484375 0.02216796875 0.03427734375
0 0.43515625 0.271875 0.0169921875 0.028515625
0 0.49453125 0.525 0.020703125 0.0373046875
0 0.55625 0.44765625 0.0220703125 0.03623046875
0 0.63046875 0.66796875 0.0265625 0.0359375
0 0.67734375 0.640625 0.02587890625 0.04404296875
0 0.60859375 0.584375 0.026171875 0.0443359375
0 0.478125 0.55078125 0.0220703125 0.0392578125
0 0.36171875 0.31953125 0.0171875 0.02958984375
0 0.5921875 0.40078125 0.021875 0.034375
0 0.29609375 0.34296875 0.0203125 0.033203125
0 0.39453125 0.60078125 0.02041015625 0.040625