1 0.55078125 0.5375 0.715625 0.80869140625
0 0.5609375 0.5296875 0.025390625 0.04130859375
0 0.4984375 0.484375 0.02451171875 0.03505859375
0 0.43515625 0.271875 0.01728515625 0.028515625
0 0.55625 0.446875 0.01943359375 0.03486328125
0 0.63046875 0.66796875 0.026171875 0.0359375
0 0.67734375 0.640625 0.02900390625 0.04443359375
0 0.60859375 0.584375 0.023828125 0.04375
0 0.59296875 0.40234375 0.0208984375 0.035546875
0 0.36171875 0.31953125 0.0203125 0.0302734375
0 0.29609375 0.34296875 0.019921875 0.0328125
0 0.39453125 0.60078125 0.0240234375 0.0421875
0 0.4203125 0.56015625 0.02529296875 0.03837890625