1 0.51328125 0.56796875 0.7171875 0.8640625
0 0.4 0.54921875 0.0275390625 0.0421875
0 0.6953125 0.60078125 0.0224609375 0.0421875
0 0.57421875 0.4875 0.02080078125 0.03740234375
0 0.27578125 0.325 0.017578125 0.028125
0 0.34609375 0.6015625 0.02626953125 0.04111328125
0 0.41328125 0.4125 0.0228515625 0.033984375
0 0.31953125 0.2671875 0.01689453125 0.028515625
0 0.43984375 0.653125 0.02724609375 0.0443359375
0 0.5671875 0.39609375 0.02197265625 0.03525390625
0 0.4046875 0.4328125 0.02197265625 0.0349609375
0 0.49921875 0.396875 0.0203125 0.03466796875
0 0.47109375 0.615625 0.0234375 0.0408203125
0 0.44140625 0.35234375 0.01708984375 0.03125
0 0.265625 0.45703125 0.02119140625 0.036328125
0 0.51796875 0.35859375 0.01875 0.030078125