1 0.51328125 0.571875 0.6953125 0.85625
0 0.4 0.54921875 0.0251953125 0.040625
0 0.6953125 0.60078125 0.02265625 0.0421875
0 0.57421875 0.4875 0.02041015625 0.03740234375
0 0.27578125 0.325 0.019921875 0.028515625
0 0.34609375 0.6015625 0.02392578125 0.04072265625
0 0.41328125 0.4125 0.02060546875 0.0318359375
0 0.43984375 0.653125 0.02685546875 0.0443359375
0 0.5671875 0.39609375 0.01923828125 0.03291015625
0 0.4046875 0.4328125 0.01884765625 0.0341796875
0 0.49921875 0.396875 0.017578125 0.03427734375
0 0.47109375 0.615625 0.026953125 0.04306640625
0 0.440625 0.35078125 0.01845703125 0.032421875
0 0.265625 0.45703125 0.02119140625 0.036328125
0 0.3921875 0.3296875 0.0181640625 0.02890625