1 0.50234375 0.56953125 0.67333984375 0.86083984375
0 0.453125 0.67734375 0.025 0.0451171875
0 0.2734375 0.45390625 0.02451171875 0.03837890625
0 0.3859375 0.4515625 0.02216796875 0.03486328125
0 0.35625 0.8015625 0.0310546875 0.0375
0 0.50703125 0.3859375 0.01962890625 0.03173828125
0 0.45703125 0.48203125 0.0203125 0.0361328125
0 0.465625 0.5703125 0.02509765625 0.04140625
0 0.4875 0.58046875 0.02451171875 0.04248046875
0 0.4796875 0.52421875 0.021875 0.0388671875
0 0.44296875 0.57421875 0.025 0.041796875
0 0.5546875 0.39453125 0.021875 0.034375
0 0.47265625 0.1875 0.014453125 0.02509765625
0 0.45078125 0.546875 0.02373046875 0.025390625
0 0.328125 0.778125 0.0287109375 0.05078125
0 0.31015625 0.8109375 0.032421875 0.0435546875