1 0.55078125 0.5375 0.678125 0.77744140625
0 0.5609375 0.5296875 0.024609375 0.04091796875
0 0.4984375 0.484375 0.02255859375 0.03466796875
0 0.43515625 0.271875 0.0166015625 0.028125
0 0.49453125 0.525 0.023046875 0.0375
0 0.63046875 0.66796875 0.0234375 0.034375
0 0.67734375 0.640625 0.0271484375 0.0443359375
0 0.60859375 0.584375 0.021875 0.0435546875
0 0.478125 0.55078125 0.02197265625 0.03935546875
0 0.36171875 0.31953125 0.017578125 0.02958984375
0 0.29609375 0.34296875 0.020703125 0.033203125
0 0.39453125 0.60078125 0.02314453125 0.041796875