1 0.51328125 0.56796875 0.7171875 0.8640625
0 0.4 0.54921875 0.0248046875 0.040625
0 0.57421875 0.4875 0.02080078125 0.03740234375
0 0.27578125 0.325 0.017578125 0.028125
0 0.34609375 0.6015625 0.02587890625 0.04111328125
0 0.403125 0.41640625 0.02158203125 0.028125
0 0.43984375 0.653125 0.02607421875 0.0439453125
0 0.40234375 0.4390625 0.02021484375 0.0341796875
0 0.49921875 0.396875 0.019921875 0.03466796875
0 0.47109375 0.615625 0.026171875 0.0412109375
0 0.31875 0.45703125 0.0193359375 0.0330078125
0 0.6953125 0.6 0.0248046875 0.041015625