1 0.55078125 0.5375 0.691796875 0.78759765625
0 0.39375 0.59921875 0.025390625 0.03974609375
0 0.51171875 0.521875 0.023046875 0.0376953125
0 0.4984375 0.484375 0.02255859375 0.03466796875
0 0.4765625 0.4953125 0.0216796875 0.0375
0 0.43515625 0.271875 0.017578125 0.028515625
0 0.4609375 0.53984375 0.019140625 0.0359375
0 0.55625 0.44765625 0.022265625 0.0365234375
0 0.63046875 0.66796875 0.026171875 0.0359375
0 0.296875 0.34296875 0.0193359375 0.03017578125
0 0.60859375 0.584375 0.021875 0.0435546875
0 0.478125 0.55078125 0.02431640625 0.03974609375
0 0.6765625 0.6390625 0.02236328125 0.04365234375
0 0.36171875 0.31953125 0.0171875 0.02958984375
0 0.5921875 0.40078125 0.022265625 0.034375