1 0.55078125 0.5375 0.709375 0.80322265625
0 0.5609375 0.5296875 0.02734375 0.0412109375
0 0.4984375 0.4859375 0.02490234375 0.0369140625
0 0.43515625 0.271875 0.0142578125 0.028125
0 0.55625 0.446875 0.01943359375 0.03486328125
0 0.63046875 0.66796875 0.025 0.035546875
0 0.5515625 0.50625 0.01923828125 0.03447265625
0 0.60859375 0.584375 0.026171875 0.0443359375
0 0.59296875 0.40234375 0.02021484375 0.034375
0 0.36171875 0.3203125 0.0203125 0.02890625
0 0.29609375 0.34296875 0.0205078125 0.0330078125
0 0.39453125 0.60078125 0.0240234375 0.0421875