1 0.55078125 0.5375 0.691796875 0.78759765625
0 0.5609375 0.5296875 0.022265625 0.04052734375
0 0.4984375 0.484375 0.02490234375 0.03505859375
0 0.43515625 0.271875 0.0142578125 0.028125
0 0.49453125 0.525 0.023828125 0.0380859375
0 0.63046875 0.66796875 0.025 0.035546875
0 0.67734375 0.640625 0.02705078125 0.04443359375
0 0.60859375 0.584375 0.023828125 0.04375
0 0.478125 0.55078125 0.02119140625 0.03935546875
0 0.36171875 0.31953125 0.019921875 0.02998046875
0 0.29609375 0.34296875 0.019921875 0.0328125
0 0.39453125 0.60078125 0.0232421875 0.041796875