1 0.50234375 0.55390625 0.7546875 0.8921875
0 0.46953125 0.57890625 0.02373046875 0.040625
0 0.453125 0.678125 0.02783203125 0.04736328125
0 0.3859375 0.4515625 0.021484375 0.034765625
0 0.30859375 0.81484375 0.03212890625 0.04794921875
0 0.50703125 0.5015625 0.02041015625 0.0375
0 0.44453125 0.5859375 0.02333984375 0.04052734375
0 0.328125 0.7796875 0.025390625 0.05
0 0.35625 0.8015625 0.0251953125 0.0375
0 0.57421875 0.62109375 0.021875 0.040625
0 0.4671875 0.18203125 0.01494140625 0.02646484375
0 0.471875 0.5375 0.022265625 0.0375
0 0.6171875 0.665625 0.02734375 0.04716796875
0 0.5546875 0.396875 0.0220703125 0.037890625