1 0.5015625 0.55859375 0.734375 0.8828125
0 0.45859375 0.50703125 0.025 0.0384765625
0 0.4734375 0.5640625 0.0220703125 0.0375
0 0.590625 0.73203125 0.0251953125 0.0328125
0 0.47421875 0.67890625 0.0263671875 0.045703125
0 0.36328125 0.63828125 0.02392578125 0.03896484375
0 0.37421875 0.6640625 0.0302734375 0.0466796875
0 0.359375 0.52890625 0.021875 0.0375
0 0.41484375 0.50390625 0.023046875 0.03935546875
0 0.61484375 0.54296875 0.023046875 0.0390625
0 0.44296875 0.57265625 0.025 0.03974609375
0 0.47890625 0.528125 0.0232421875 0.0373046875
0 0.30625 0.45234375 0.0216796875 0.0388671875
0 0.2671875 0.44453125 0.022265625 0.034375
0 0.51875 0.45390625 0.027734375 0.041796875
0 0.35625 0.39609375 0.02177734375 0.034375
0 0.4515625 0.5515625 0.0244140625 0.03779296875