1 0.5140625 0.5734375 0.68173828125 0.8466796875
0 0.4 0.54921875 0.028125 0.042578125
0 0.57421875 0.4875 0.02275390625 0.03779296875
0 0.27578125 0.325 0.019921875 0.028515625
0 0.34609375 0.6015625 0.0267578125 0.0431640625
0 0.403125 0.41640625 0.01923828125 0.0265625
0 0.43984375 0.653125 0.02646484375 0.0443359375
0 0.40234375 0.4390625 0.02060546875 0.0345703125
0 0.49921875 0.396875 0.01875 0.03466796875
0 0.47109375 0.615625 0.026171875 0.04306640625
0 0.540625 0.4609375 0.01875 0.03134765625
0 0.265625 0.45703125 0.0189453125 0.03583984375