1 0.55078125 0.5375 0.698046875 0.79345703125
0 0.5609375 0.5296875 0.025390625 0.0412109375
0 0.4984375 0.484375 0.0248046875 0.0349609375
0 0.43515625 0.271875 0.0166015625 0.028125
0 0.55625 0.446875 0.0216796875 0.0369140625
0 0.63046875 0.66796875 0.0265625 0.0359375
0 0.67734375 0.640625 0.02392578125 0.04365234375
0 0.60859375 0.584375 0.026171875 0.044140625
0 0.59296875 0.40234375 0.02060546875 0.034375
0 0.36171875 0.31953125 0.019921875 0.02998046875
0 0.29609375 0.34296875 0.020703125 0.033203125
0 0.39453125 0.60078125 0.0208984375 0.040625
0 0.4171875 0.5625 0.02490234375 0.03818359375