1 0.51328125 0.55859375 0.7671875 0.8828125
0 0.4 0.54921875 0.0248046875 0.040625
0 0.6953125 0.60078125 0.0248046875 0.042578125
0 0.57421875 0.4875 0.0240234375 0.0380859375
0 0.27578125 0.325 0.01875 0.028515625
0 0.34609375 0.6015625 0.02587890625 0.04111328125
0 0.41328125 0.4125 0.0205078125 0.031640625
0 0.43984375 0.653125 0.02412109375 0.0439453125
0 0.5671875 0.39609375 0.01923828125 0.03291015625
0 0.4046875 0.4328125 0.02158203125 0.0345703125
0 0.49921875 0.396875 0.0203125 0.03505859375
0 0.47109375 0.615625 0.0265625 0.0431640625
0 0.440625 0.35078125 0.01884765625 0.032421875
0 0.265625 0.45703125 0.0212890625 0.036328125
0 0.3921875 0.3296875 0.01572265625 0.0283203125