1 0.55078125 0.5375 0.715625 0.80869140625
0 0.5609375 0.5296875 0.024609375 0.0408203125
0 0.4984375 0.4859375 0.0244140625 0.037109375
0 0.43515625 0.271875 0.01416015625 0.028125
0 0.55625 0.446875 0.01943359375 0.03486328125
0 0.63046875 0.66796875 0.025 0.035546875
0 0.5515625 0.50625 0.02158203125 0.03486328125
0 0.60859375 0.584375 0.023046875 0.0435546875
0 0.59296875 0.40234375 0.02099609375 0.035546875
0 0.36171875 0.3203125 0.01875 0.028515625
0 0.29609375 0.34296875 0.02001953125 0.03310546875
0 0.39453125 0.60078125 0.02041015625 0.040625