1 0.50234375 0.5609375 0.7140625 0.878125
0 0.46953125 0.57890625 0.0232421875 0.040625
0 0.453125 0.678125 0.03095703125 0.04970703125
0 0.3859375 0.4515625 0.0224609375 0.0349609375
0 0.30859375 0.81484375 0.02900390625 0.04560546875
0 0.50703125 0.5015625 0.02041015625 0.0375
0 0.434375 0.534375 0.022265625 0.0375
0 0.328125 0.7796875 0.0255859375 0.05
0 0.35625 0.8015625 0.02548828125 0.037890625
0 0.496875 0.465625 0.021484375 0.03466796875
0 0.4671875 0.18203125 0.01494140625 0.0265625
0 0.471875 0.5375 0.025 0.03828125