1 0.50234375 0.55859375 0.7296875 0.8828125
0 0.46953125 0.57890625 0.0236328125 0.040625
0 0.453125 0.67734375 0.03056640625 0.048046875
0 0.3859375 0.4515625 0.0244140625 0.0349609375
0 0.30859375 0.81484375 0.0291015625 0.0455078125
0 0.5015625 0.50390625 0.02177734375 0.0375
0 0.44453125 0.5859375 0.0267578125 0.0412109375
0 0.328125 0.7796875 0.02578125 0.05
0 0.35625 0.8015625 0.0279296875 0.03984375
0 0.4578125 0.4828125 0.02529296875 0.03994140625
0 0.4328125 0.55546875 0.0220703125 0.03330078125
0 0.4734375 0.1890625 0.018359375 0.02841796875
0 0.471875 0.5375 0.025 0.03828125
0 0.6171875 0.665625 0.027734375 0.04716796875
0 0.5546875 0.396875 0.02177734375 0.0376953125