1 0.51328125 0.5609375 0.7546875 0.878125
0 0.4 0.54921875 0.0283203125 0.0421875
0 0.57421875 0.4875 0.02314453125 0.03779296875
0 0.27578125 0.325 0.0171875 0.028125
0 0.34609375 0.6015625 0.02666015625 0.04306640625
0 0.403125 0.41640625 0.01884765625 0.0265625
0 0.43984375 0.653125 0.02685546875 0.0443359375
0 0.40234375 0.4390625 0.02333984375 0.0349609375
0 0.49921875 0.396875 0.019921875 0.0345703125
0 0.47109375 0.615625 0.0265625 0.04306640625
0 0.31875 0.45703125 0.01943359375 0.03310546875
0 0.6953125 0.6 0.02470703125 0.041015625