1 0.51328125 0.5703125 0.7046875 0.859375
0 0.4 0.54921875 0.028125 0.0421875
0 0.6953125 0.60078125 0.025390625 0.042578125
0 0.57421875 0.4875 0.02353515625 0.03818359375
0 0.27578125 0.325 0.019921875 0.03046875
0 0.34609375 0.6015625 0.02587890625 0.04111328125
0 0.41328125 0.4125 0.0228515625 0.03203125
0 0.43984375 0.653125 0.0236328125 0.043359375
0 0.5671875 0.39609375 0.01923828125 0.03291015625
0 0.4046875 0.4328125 0.02119140625 0.0345703125
0 0.49921875 0.396875 0.019921875 0.0345703125
0 0.47109375 0.615625 0.025 0.04111328125
0 0.44140625 0.35234375 0.0201171875 0.0328125
0 0.265625 0.45703125 0.02236328125 0.0375
0 0.3625 0.29140625 0.018359375 0.029296875