1 0.55234375 0.5375 0.74287109375 0.82783203125
0 0.328125 0.2671875 0.015625 0.028515625
0 0.30234375 0.35546875 0.0169921875 0.03125
0 0.340625 0.35390625 0.01884765625 0.03330078125
0 0.396875 0.60078125 0.025390625 0.03974609375
0 0.39453125 0.24375 0.016796875 0.02841796875
0 0.45546875 0.5140625 0.019921875 0.034375
0 0.47734375 0.54921875 0.02021484375 0.0359375
0 0.47578125 0.49453125 0.01962890625 0.03330078125
0 0.51171875 0.5234375 0.021875 0.041015625
0 0.49765625 0.48671875 0.0203125 0.035546875
0 0.59375 0.40078125 0.0185546875 0.0298828125
0 0.5578125 0.4484375 0.0181640625 0.03134765625
0 0.6296875 0.6671875 0.02509765625 0.0349609375
0 0.60859375 0.5828125 0.023046875 0.0376953125
0 0.67734375 0.63984375 0.023828125 0.03974609375