1 0.51328125 0.571875 0.6953125 0.85625
0 0.4 0.54921875 0.028125 0.0421875
0 0.6953125 0.60078125 0.0251953125 0.042578125
0 0.57421875 0.4875 0.0208984375 0.0373046875
0 0.27578125 0.325 0.0203125 0.03046875
0 0.34609375 0.6015625 0.02705078125 0.04306640625
0 0.41328125 0.4125 0.02099609375 0.0318359375
0 0.31953125 0.2671875 0.0166015625 0.028515625
0 0.43984375 0.653125 0.02685546875 0.0443359375
0 0.5671875 0.39609375 0.02197265625 0.03525390625
0 0.4046875 0.4328125 0.02197265625 0.0349609375
0 0.49921875 0.396875 0.017578125 0.0341796875
0 0.47109375 0.615625 0.026171875 0.04111328125
0 0.44140625 0.35234375 0.01748046875 0.03125
0 0.265625 0.45703125 0.02119140625 0.036328125
0 0.51796875 0.35859375 0.0203125 0.03125