1 0.50234375 0.55234375 0.7671875 0.8953125
0 0.46953125 0.57890625 0.0267578125 0.0421875
0 0.453125 0.678125 0.02861328125 0.04931640625
0 0.3859375 0.4515625 0.024609375 0.037109375
0 0.30859375 0.81484375 0.02666015625 0.04521484375
0 0.50703125 0.5015625 0.0205078125 0.0375
0 0.434375 0.534375 0.025 0.03828125
0 0.328125 0.7796875 0.0310546875 0.05234375
0 0.35625 0.8015625 0.0275390625 0.037890625
0 0.29453125 0.59375 0.026171875 0.0400390625
0 0.4671875 0.18203125 0.0150390625 0.0265625
0 0.471875 0.5375 0.025 0.03828125
0 0.5546875 0.396875 0.01943359375 0.0373046875