1 0.5015625 0.5609375 0.721875 0.878125
0 0.45859375 0.50703125 0.025 0.03837890625
0 0.4734375 0.5640625 0.022265625 0.0375
0 0.590625 0.73203125 0.0275390625 0.033203125
0 0.47421875 0.67890625 0.02666015625 0.045703125
0 0.36328125 0.63828125 0.0271484375 0.0396484375
0 0.37421875 0.6640625 0.02646484375 0.04384765625
0 0.359375 0.52890625 0.024609375 0.0390625
0 0.41484375 0.50390625 0.023828125 0.03974609375
0 0.61484375 0.54296875 0.0234375 0.039453125
0 0.44296875 0.57265625 0.023046875 0.03896484375
0 0.47890625 0.528125 0.02412109375 0.03779296875
0 0.30625 0.45234375 0.02451171875 0.03935546875
0 0.2671875 0.44453125 0.02265625 0.035546875
0 0.51875 0.45390625 0.025 0.040625
0 0.35625 0.39609375 0.02490234375 0.0359375
0 0.4515625 0.5515625 0.0220703125 0.03740234375