0 0.33203125 0.44296875 0.023828125 0.03662109375
0 0.4015625 0.39140625 0.0193359375 0.0302734375
0 0.540625 0.4046875 0.018359375 0.0314453125
0 0.4359375 0.4796875 0.0189453125 0.0345703125
0 0.38515625 0.4640625 0.0232421875 0.03984375
0 0.33671875 0.55078125 0.0236328125 0.0421875
0 0.3328125 0.69375 0.0318359375 0.04970703125
0 0.415625 0.5484375 0.02451171875 0.03798828125
0 0.47109375 0.58515625 0.0208984375 0.040625
0 0.54140625 0.5109375 0.020703125 0.03515625
0 0.49765625 0.70546875 0.02392578125 0.0453125
0 0.41328125 0.7703125 0.026171875 0.034765625
0 0.5828125 0.57421875 0.0224609375 0.039453125
0 0.55703125 0.49375 0.02333984375 0.0373046875
0 0.57578125 0.46796875 0.02001953125 0.033203125
0 0.65859375 0.5640625 0.02041015625 0.040625
1 0.51484375 0.56484375 0.7234375 0.8703125