1 0.50234375 0.5625 0.7078125 0.875
0 0.46953125 0.57890625 0.02373046875 0.040625
0 0.453125 0.678125 0.02744140625 0.04736328125
0 0.3859375 0.4515625 0.0216796875 0.0345703125
0 0.30859375 0.81484375 0.03212890625 0.04794921875
0 0.50703125 0.5015625 0.02080078125 0.0375
0 0.434375 0.534375 0.024609375 0.03828125
0 0.328125 0.7796875 0.0287109375 0.05234375
0 0.35625 0.8015625 0.02861328125 0.040234375
0 0.496875 0.465625 0.022265625 0.0349609375
0 0.4671875 0.18203125 0.01259765625 0.0265625
0 0.471875 0.5375 0.024609375 0.037890625