1 0.50234375 0.55625 0.7421875 0.8875
0 0.46953125 0.57890625 0.02607421875 0.0421875
0 0.453125 0.678125 0.02783203125 0.04736328125
0 0.3859375 0.4515625 0.0216796875 0.0345703125
0 0.30859375 0.81484375 0.02978515625 0.04599609375
0 0.50703125 0.5015625 0.0205078125 0.0375
0 0.44453125 0.5859375 0.0236328125 0.0404296875
0 0.328125 0.7796875 0.0251953125 0.05
0 0.35625 0.8015625 0.02548828125 0.037890625
0 0.46171875 0.62578125 0.025 0.04248046875
0 0.46875 0.17890625 0.0130859375 0.020703125
0 0.471875 0.5375 0.022265625 0.0375
0 0.5546875 0.396875 0.02138671875 0.0376953125