1 0.51328125 0.5703125 0.7046875 0.859375
0 0.40703125 0.7734375 0.0296875 0.0373046875
0 0.57421875 0.4875 0.02275390625 0.03779296875
0 0.340625 0.6015625 0.02470703125 0.04091796875
0 0.403125 0.41640625 0.02158203125 0.028125
0 0.43984375 0.653125 0.02685546875 0.0443359375
0 0.40234375 0.4390625 0.02294921875 0.0345703125
0 0.49921875 0.396875 0.0203125 0.03505859375
0 0.47109375 0.615625 0.025 0.04111328125
0 0.6953125 0.6 0.02509765625 0.04296875
0 0.27578125 0.32578125 0.017578125 0.03271484375