1 0.51328125 0.5640625 0.7359375 0.871875
0 0.4 0.54921875 0.028125 0.0421875
0 0.6953125 0.60078125 0.02265625 0.0421875
0 0.57421875 0.4875 0.0205078125 0.0373046875
0 0.27578125 0.325 0.017578125 0.028125
0 0.34609375 0.6015625 0.02666015625 0.04306640625
0 0.41328125 0.4125 0.02021484375 0.0314453125
0 0.43984375 0.653125 0.0267578125 0.044140625
0 0.5671875 0.39609375 0.0220703125 0.0353515625
0 0.4046875 0.4328125 0.01923828125 0.0341796875
0 0.49921875 0.396875 0.017578125 0.03427734375
0 0.47109375 0.615625 0.0234375 0.0408203125
0 0.44140625 0.35234375 0.01708984375 0.03125
0 0.265625 0.45703125 0.02158203125 0.036328125
0 0.390625 0.3296875 0.01572265625 0.0283203125