1 0.50234375 0.55859375 0.7296875 0.8828125
0 0.46953125 0.57890625 0.02373046875 0.040625
0 0.453125 0.678125 0.0275390625 0.0474609375
0 0.3859375 0.4515625 0.0248046875 0.0369140625
0 0.30859375 0.81484375 0.0291015625 0.0455078125
0 0.50703125 0.5015625 0.02353515625 0.03984375
0 0.44453125 0.5859375 0.02685546875 0.04130859375
0 0.328125 0.7796875 0.0255859375 0.05
0 0.35625 0.8015625 0.0283203125 0.03984375
0 0.57421875 0.62109375 0.0265625 0.0421875
0 0.4671875 0.18203125 0.01298828125 0.02646484375
0 0.471875 0.5375 0.025390625 0.03828125
0 0.6171875 0.665625 0.025390625 0.0466796875
0 0.5546875 0.396875 0.01943359375 0.0373046875