1 0.55078125 0.5375 0.720703125 0.8126953125
0 0.5609375 0.5296875 0.02734375 0.04130859375
0 0.4984375 0.484375 0.0244140625 0.0349609375
0 0.43515625 0.271875 0.01689453125 0.028515625
0 0.49453125 0.525 0.023828125 0.037890625
0 0.55625 0.44765625 0.0193359375 0.03583984375
0 0.63046875 0.66796875 0.0234375 0.034375
0 0.67734375 0.640625 0.0267578125 0.0443359375
0 0.60859375 0.584375 0.026171875 0.0443359375
0 0.478125 0.55078125 0.02197265625 0.03935546875
0 0.36171875 0.31953125 0.0171875 0.02958984375
0 0.5921875 0.40078125 0.021875 0.034375
0 0.29609375 0.34296875 0.01875 0.0328125
0 0.39453125 0.60078125 0.02353515625 0.0421875