0 0.33203125 0.44296875 0.020703125 0.03623046875
0 0.4015625 0.39140625 0.0193359375 0.0302734375
0 0.540625 0.4046875 0.0189453125 0.03134765625
0 0.4359375 0.4796875 0.01884765625 0.03447265625
0 0.38515625 0.4640625 0.02294921875 0.037890625
0 0.33671875 0.55078125 0.02626953125 0.042578125
0 0.3328125 0.69375 0.0314453125 0.04931640625
0 0.415625 0.5484375 0.02529296875 0.03994140625
0 0.47109375 0.58515625 0.02080078125 0.040625
0 0.54140625 0.5109375 0.021875 0.0369140625
0 0.49765625 0.70546875 0.02666015625 0.046875
0 0.41328125 0.7703125 0.026953125 0.03515625
0 0.5828125 0.57421875 0.02255859375 0.039453125
0 0.55703125 0.49375 0.02646484375 0.0380859375
0 0.57578125 0.46796875 0.02001953125 0.033203125
0 0.65859375 0.5640625 0.02275390625 0.041015625
1 0.51484375 0.55625 0.7703125 0.8875