1 0.51328125 0.565625 0.7296875 0.86875
0 0.4 0.54921875 0.0251953125 0.040625
0 0.57421875 0.4875 0.02080078125 0.03740234375
0 0.27578125 0.325 0.019921875 0.028515625
0 0.34609375 0.6015625 0.02353515625 0.04072265625
0 0.403125 0.41640625 0.02119140625 0.026953125
0 0.43984375 0.653125 0.0236328125 0.043359375
0 0.40234375 0.4390625 0.02060546875 0.0341796875
0 0.49921875 0.396875 0.01875 0.03466796875
0 0.47109375 0.615625 0.025 0.0412109375
0 0.296875 0.4578125 0.034375 0.0373046875
0 0.265625 0.45703125 0.0216796875 0.03623046875
0 0.6953125 0.6 0.0248046875 0.041015625