1 0.51328125 0.56171875 0.7484375 0.8765625
0 0.4 0.54921875 0.02578125 0.041796875
0 0.6953125 0.60078125 0.0255859375 0.04375
0 0.57421875 0.4875 0.02353515625 0.03818359375
0 0.27578125 0.325 0.017578125 0.028125
0 0.34609375 0.6015625 0.02900390625 0.04306640625
0 0.41328125 0.4125 0.02294921875 0.0337890625
0 0.31953125 0.2671875 0.01650390625 0.028515625
0 0.43984375 0.653125 0.0267578125 0.044140625
0 0.5671875 0.39609375 0.01884765625 0.03291015625
0 0.4046875 0.4328125 0.0189453125 0.033984375
0 0.49921875 0.396875 0.019921875 0.03466796875
0 0.47109375 0.615625 0.026953125 0.0431640625
0 0.44140625 0.35234375 0.01982421875 0.032421875
0 0.265625 0.45703125 0.02119140625 0.036328125
0 0.51796875 0.35859375 0.019921875 0.030078125