1 0.51328125 0.5640625 0.7359375 0.871875
0 0.4 0.54921875 0.0283203125 0.0421875
0 0.57421875 0.4875 0.02392578125 0.03818359375
0 0.34609375 0.6015625 0.02392578125 0.04072265625
0 0.403125 0.41640625 0.01923828125 0.026953125
0 0.43984375 0.653125 0.02412109375 0.0439453125
0 0.40234375 0.4390625 0.02373046875 0.0349609375
0 0.49921875 0.396875 0.019921875 0.03466796875
0 0.47109375 0.615625 0.025 0.04111328125
0 0.31875 0.45703125 0.01943359375 0.03310546875
0 0.6953125 0.6 0.0244140625 0.041015625