1 0.50234375 0.55625 0.7421875 0.8875
0 0.46953125 0.57890625 0.0259765625 0.0421875
0 0.453125 0.678125 0.02744140625 0.04736328125
0 0.3859375 0.4515625 0.0224609375 0.0349609375
0 0.30859375 0.81484375 0.0298828125 0.0458984375
0 0.50703125 0.5015625 0.02080078125 0.0375
0 0.44453125 0.5859375 0.02646484375 0.04130859375
0 0.328125 0.7796875 0.0287109375 0.05234375
0 0.35625 0.8015625 0.02744140625 0.037890625
0 0.57421875 0.62109375 0.026171875 0.0421875
0 0.4671875 0.18203125 0.01494140625 0.02646484375
0 0.471875 0.5375 0.021875 0.0375
0 0.6171875 0.665625 0.025 0.0466796875
0 0.5546875 0.396875 0.01943359375 0.0376953125