1 0.50234375 0.55234375 0.7671875 0.8953125
0 0.46953125 0.57890625 0.0236328125 0.040625
0 0.4515625 0.67734375 0.02470703125 0.045703125
0 0.3859375 0.4515625 0.0248046875 0.0369140625
0 0.30859375 0.81484375 0.02705078125 0.04560546875
0 0.49921875 0.50390625 0.017578125 0.0375
0 0.44453125 0.5859375 0.02373046875 0.04052734375
0 0.328125 0.7796875 0.0287109375 0.05234375
0 0.35625 0.8015625 0.02744140625 0.037890625
0 0.4578125 0.4828125 0.02255859375 0.03798828125
0 0.4328125 0.55546875 0.0220703125 0.03291015625
0 0.4734375 0.1890625 0.018359375 0.0283203125
0 0.471875 0.5375 0.02421875 0.037890625