1 0.50234375 0.56015625 0.7203125 0.8796875
0 0.46953125 0.57890625 0.0232421875 0.040625
0 0.453125 0.678125 0.02822265625 0.04931640625
0 0.3859375 0.4515625 0.021875 0.034765625
0 0.30859375 0.81484375 0.0291015625 0.0455078125
0 0.50703125 0.5015625 0.02314453125 0.037890625
0 0.434375 0.534375 0.024609375 0.037890625
0 0.328125 0.7796875 0.0251953125 0.05
0 0.35625 0.8015625 0.0275390625 0.037890625
0 0.496875 0.465625 0.01953125 0.03466796875
0 0.4671875 0.18203125 0.01494140625 0.0265625
0 0.471875 0.5375 0.021875 0.0375