1 0.51328125 0.571875 0.6953125 0.85625
0 0.4 0.54921875 0.0248046875 0.040625
0 0.6953125 0.60078125 0.022265625 0.0421875
0 0.57421875 0.4875 0.02314453125 0.03779296875
0 0.27578125 0.325 0.017578125 0.028125
0 0.34609375 0.6015625 0.02705078125 0.04306640625
0 0.403125 0.41640625 0.01884765625 0.0265625
0 0.43984375 0.653125 0.02607421875 0.0439453125
0 0.40234375 0.4390625 0.02294921875 0.0345703125
0 0.49921875 0.396875 0.017578125 0.0341796875
0 0.47109375 0.615625 0.023828125 0.04072265625
0 0.565625 0.44296875 0.01875 0.03271484375