1 0.515625 0.565625 0.6765625 0.83203125
0 0.22578125 0.2453125 0.015625 0.02421875
0 0.45078125 0.296875 0.015625 0.028125
0 0.365625 0.428125 0.01875 0.0328125
0 0.40078125 0.43828125 0.01953125 0.03125
0 0.4125 0.4203125 0.01953125 0.0296875
0 0.4515625 0.3734375 0.0171875 0.03203125
0 0.33359375 0.62578125 0.021875 0.03984375
0 0.4 0.5484375 0.02109375 0.0359375
0 0.47109375 0.61484375 0.0234375 0.0390625
0 0.515625 0.3703125 0.0171875 0.0296875
0 0.32421875 0.23984375 0.0140625 0.02578125
0 0.44296875 0.65859375 0.0234375 0.04296875
0 0.57421875 0.48671875 0.0203125 0.03515625
0 0.4875 0.41484375 0.01796875 0.0328125
0 0.5484375 0.38828125 0.01796875 0.03203125
0 0.69453125 0.59921875 0.02265625 0.040625