1 0.50234375 0.55859375 0.7296875 0.8828125
0 0.46953125 0.57890625 0.0232421875 0.040625
0 0.453125 0.67734375 0.02783203125 0.045703125
0 0.3859375 0.4515625 0.0220703125 0.0349609375
0 0.30859375 0.81484375 0.03017578125 0.04599609375
0 0.5015625 0.50390625 0.02177734375 0.0375
0 0.44453125 0.5859375 0.0236328125 0.0404296875
0 0.328125 0.7796875 0.0279296875 0.050390625
0 0.35625 0.8015625 0.02548828125 0.0375
0 0.4578125 0.4828125 0.02177734375 0.03759765625
0 0.4328125 0.55546875 0.0224609375 0.03330078125
0 0.4734375 0.1890625 0.01640625 0.0283203125
0 0.471875 0.5375 0.02421875 0.037890625
0 0.6171875 0.665625 0.02890625 0.04755859375
0 0.5546875 0.396875 0.0185546875 0.037109375