1 0.51328125 0.56171875 0.7484375 0.8765625
0 0.4 0.54921875 0.0283203125 0.042578125
0 0.6953125 0.60078125 0.0255859375 0.04375
0 0.57421875 0.4875 0.02080078125 0.03740234375
0 0.27578125 0.325 0.017578125 0.028515625
0 0.34609375 0.6015625 0.0271484375 0.0431640625
0 0.41328125 0.4125 0.02099609375 0.0318359375
0 0.43984375 0.653125 0.02373046875 0.0435546875
0 0.5671875 0.39609375 0.0220703125 0.0353515625
0 0.4046875 0.4328125 0.0189453125 0.033984375
0 0.49921875 0.396875 0.019921875 0.03466796875
0 0.47109375 0.615625 0.025 0.04111328125
0 0.44140625 0.35234375 0.01787109375 0.032421875
0 0.265625 0.45703125 0.02197265625 0.0375
0 0.3625 0.29140625 0.01875 0.029296875