1 0.50234375 0.5578125 0.7359375 0.884375
0 0.46953125 0.57890625 0.02685546875 0.0421875
0 0.453125 0.678125 0.02822265625 0.04931640625
0 0.3859375 0.4515625 0.0224609375 0.0349609375
0 0.30859375 0.81484375 0.02705078125 0.04521484375
0 0.50703125 0.5015625 0.02392578125 0.03984375
0 0.44453125 0.5859375 0.02412109375 0.04091796875
0 0.328125 0.7796875 0.03046875 0.05234375
0 0.35625 0.8015625 0.02822265625 0.03984375
0 0.57421875 0.62109375 0.025 0.0421875
0 0.46875 0.17890625 0.0126953125 0.0203125
0 0.471875 0.5375 0.022265625 0.0375
0 0.6171875 0.665625 0.028515625 0.0474609375
0 0.5546875 0.396875 0.02138671875 0.0376953125