1 0.5015625 0.5609375 0.715625 0.878125
0 0.453125 0.67734375 0.0255859375 0.04560546875
0 0.2734375 0.45390625 0.0216796875 0.0361328125
0 0.3859375 0.4515625 0.02451171875 0.03681640625
0 0.34453125 0.80625 0.02939453125 0.0380859375
0 0.4453125 0.3609375 0.021484375 0.0345703125
0 0.4578125 0.4859375 0.025 0.03984375
0 0.465625 0.5703125 0.0248046875 0.041015625
0 0.33046875 0.77890625 0.033203125 0.05439453125
0 0.4875 0.58046875 0.0279296875 0.0427734375
0 0.4796875 0.52421875 0.025 0.03974609375
0 0.44296875 0.57421875 0.026953125 0.0421875
0 0.30546875 0.75390625 0.029296875 0.051953125
0 0.55546875 0.39921875 0.023046875 0.0375
0 0.47734375 0.18828125 0.014453125 0.02646484375
0 0.45078125 0.546875 0.0240234375 0.02578125