1 0.55078125 0.5375 0.703125 0.79736328125
0 0.55078125 0.5296875 0.021875 0.04052734375
0 0.4984375 0.484375 0.02177734375 0.03427734375
0 0.496875 0.30546875 0.018359375 0.03330078125
0 0.43515625 0.271875 0.016796875 0.028125
0 0.49453125 0.525 0.023046875 0.0376953125
0 0.55625 0.44765625 0.0212890625 0.03623046875
0 0.63046875 0.66796875 0.026171875 0.0359375
0 0.67734375 0.640625 0.02705078125 0.04443359375
0 0.60859375 0.584375 0.021875 0.0435546875
0 0.478125 0.55078125 0.02119140625 0.03935546875
0 0.36171875 0.31953125 0.017578125 0.02998046875
0 0.5921875 0.40078125 0.02109375 0.033203125
0 0.29609375 0.34296875 0.020703125 0.033203125
0 0.39453125 0.60078125 0.026171875 0.0421875