1 0.55078125 0.5375 0.7265625 0.81806640625
0 0.5609375 0.5296875 0.025390625 0.0412109375
0 0.4984375 0.484375 0.02490234375 0.03505859375
0 0.43515625 0.271875 0.01650390625 0.028515625
0 0.55625 0.446875 0.01865234375 0.03447265625
0 0.63046875 0.66796875 0.0234375 0.034375
0 0.61796875 0.553125 0.02099609375 0.034765625
0 0.60859375 0.584375 0.025 0.044140625
0 0.59296875 0.40234375 0.02060546875 0.035546875
0 0.36171875 0.3234375 0.019921875 0.02265625
0 0.2984375 0.34453125 0.0185546875 0.030078125
0 0.39453125 0.60078125 0.02041015625 0.040625