1 0.55078125 0.5375 0.732421875 0.82197265625
0 0.51171875 0.521875 0.021875 0.0376953125
0 0.4984375 0.484375 0.02451171875 0.03466796875
0 0.4765625 0.4953125 0.02265625 0.037890625
0 0.43515625 0.271875 0.015625 0.028125
0 0.4609375 0.53984375 0.021484375 0.036328125
0 0.55625 0.44765625 0.0224609375 0.03662109375
0 0.63046875 0.66796875 0.0234375 0.034375
0 0.67734375 0.640625 0.02587890625 0.04404296875
0 0.60859375 0.584375 0.023828125 0.04375
0 0.478125 0.55078125 0.02197265625 0.03935546875
0 0.36171875 0.31953125 0.0171875 0.02958984375
0 0.5921875 0.40078125 0.019140625 0.0328125
0 0.39375 0.6015625 0.022265625 0.04072265625
0 0.29609375 0.34296875 0.020703125 0.033203125