1 0.55078125 0.5375 0.671875 0.77158203125
0 0.5609375 0.5296875 0.021875 0.0404296875
0 0.4984375 0.484375 0.02177734375 0.03427734375
0 0.43515625 0.271875 0.01728515625 0.028515625
0 0.55625 0.446875 0.02177734375 0.03681640625
0 0.63046875 0.66796875 0.026171875 0.0359375
0 0.67734375 0.640625 0.02900390625 0.04443359375
0 0.60859375 0.584375 0.023046875 0.0435546875
0 0.59296875 0.40234375 0.0205078125 0.034375
0 0.36171875 0.31953125 0.0203125 0.03037109375
0 0.29609375 0.34296875 0.019921875 0.0328125
0 0.39453125 0.60078125 0.02353515625 0.0421875
0 0.4171875 0.5625 0.0224609375 0.0376953125