1 0.50234375 0.5625 0.7078125 0.875
0 0.46953125 0.57890625 0.0271484375 0.0421875
0 0.453125 0.678125 0.02861328125 0.04931640625
0 0.3859375 0.4515625 0.0224609375 0.0349609375
0 0.30859375 0.81484375 0.02978515625 0.04599609375
0 0.50703125 0.5015625 0.02392578125 0.03984375
0 0.434375 0.534375 0.022265625 0.0375
0 0.328125 0.7796875 0.0255859375 0.05
0 0.35625 0.8015625 0.0279296875 0.03984375
0 0.496875 0.465625 0.01953125 0.0345703125
0 0.4671875 0.18203125 0.0130859375 0.0265625
0 0.471875 0.5375 0.02421875 0.037890625