1 0.55078125 0.5375 0.742578125 0.83095703125
0 0.5609375 0.5296875 0.021875 0.04052734375
0 0.4984375 0.484375 0.0244140625 0.0349609375
0 0.43515625 0.271875 0.01689453125 0.028515625
0 0.55625 0.446875 0.01904296875 0.03447265625
0 0.63046875 0.66796875 0.023828125 0.034375
0 0.67734375 0.640625 0.02705078125 0.04443359375
0 0.60859375 0.584375 0.026171875 0.0443359375
0 0.59296875 0.40234375 0.0208984375 0.035546875
0 0.36171875 0.31953125 0.01875 0.02998046875
0 0.29609375 0.34296875 0.01875 0.0328125
0 0.39453125 0.60078125 0.02275390625 0.041796875
0 0.4203125 0.56015625 0.02216796875 0.03603515625