1 0.55078125 0.5375 0.742578125 0.8310546875
0 0.51171875 0.521875 0.0203125 0.0373046875
0 0.4984375 0.484375 0.02177734375 0.03427734375
0 0.4765625 0.4953125 0.0248046875 0.03984375
0 0.43515625 0.271875 0.01875 0.028515625
0 0.4609375 0.53984375 0.019140625 0.0359375
0 0.55625 0.44765625 0.0220703125 0.03662109375
0 0.63046875 0.66796875 0.0265625 0.0359375
0 0.67734375 0.640625 0.02705078125 0.04443359375
0 0.60859375 0.584375 0.025 0.0443359375
0 0.478125 0.55078125 0.02119140625 0.03935546875
0 0.36171875 0.31953125 0.017578125 0.02958984375
0 0.5921875 0.40078125 0.021484375 0.033203125