1 0.55078125 0.5375 0.709375 0.80322265625
0 0.51171875 0.521875 0.0234375 0.037890625
0 0.4984375 0.484375 0.02177734375 0.03427734375
0 0.4765625 0.4953125 0.0244140625 0.037890625
0 0.43515625 0.271875 0.015625 0.028125
0 0.46015625 0.54140625 0.020703125 0.0390625
0 0.55625 0.44765625 0.0220703125 0.03623046875
0 0.63046875 0.66796875 0.0234375 0.034375
0 0.67734375 0.640625 0.02666015625 0.04443359375
0 0.60859375 0.584375 0.025 0.0439453125
0 0.478125 0.55078125 0.02119140625 0.03935546875
0 0.36171875 0.31953125 0.0203125 0.03037109375
0 0.5921875 0.40078125 0.01875 0.0328125
0 0.29609375 0.34296875 0.0203125 0.033203125
0 0.39453125 0.60078125 0.0234375 0.041796875