1 0.5140625 0.5734375 0.6900390625 0.852734375
0 0.4 0.54921875 0.0251953125 0.041796875
0 0.57421875 0.4875 0.02080078125 0.03740234375
0 0.27578125 0.325 0.0203125 0.03046875
0 0.34609375 0.6015625 0.02705078125 0.04306640625
0 0.403125 0.41640625 0.01923828125 0.0265625
0 0.43984375 0.653125 0.02724609375 0.0443359375
0 0.40234375 0.4390625 0.02333984375 0.0349609375
0 0.49921875 0.396875 0.01875 0.03466796875
0 0.47109375 0.615625 0.025 0.04111328125
0 0.31875 0.45703125 0.02138671875 0.03310546875
0 0.6953125 0.6 0.02197265625 0.040625