1 0.515625 0.565625 0.6751953125 0.83134765625
0 0.30234375 0.34296875 0.01875 0.030078125
0 0.29609375 0.434375 0.02353515625 0.03505859375
0 0.40390625 0.43125 0.02099609375 0.031640625
0 0.41328125 0.41171875 0.02294921875 0.03125
0 0.44140625 0.35 0.0177734375 0.031640625
0 0.34609375 0.6 0.02646484375 0.0443359375
0 0.4 0.5484375 0.02451171875 0.0349609375
0 0.47109375 0.61484375 0.026953125 0.041796875
0 0.5171875 0.359375 0.0185546875 0.02861328125
0 0.31875 0.26484375 0.01806640625 0.030078125
0 0.4390625 0.653125 0.0244140625 0.04404296875
0 0.57421875 0.48671875 0.0234375 0.03662109375
0 0.5 0.396875 0.01943359375 0.0318359375
0 0.5671875 0.3953125 0.01943359375 0.03173828125
0 0.69453125 0.59921875 0.02412109375 0.041796875