1 0.50234375 0.55546875 0.7484375 0.8890625
0 0.46953125 0.57890625 0.02685546875 0.0421875
0 0.453125 0.678125 0.02744140625 0.04736328125
0 0.3859375 0.4515625 0.0224609375 0.0349609375
0 0.30859375 0.81484375 0.02705078125 0.04560546875
0 0.50703125 0.5015625 0.02080078125 0.0375
0 0.33203125 0.703125 0.0328125 0.04970703125
0 0.328125 0.7796875 0.0279296875 0.050390625
0 0.35625 0.8015625 0.02509765625 0.0375
0 0.3625 0.51796875 0.02421875 0.036328125
0 0.4671875 0.18203125 0.01494140625 0.026953125
0 0.471875 0.5375 0.024609375 0.03828125