1 0.51328125 0.56640625 0.7234375 0.8671875
0 0.4 0.54921875 0.0287109375 0.042578125
0 0.6953125 0.60078125 0.0251953125 0.04375
0 0.57421875 0.4875 0.02275390625 0.03779296875
0 0.27578125 0.325 0.01875 0.028515625
0 0.34609375 0.6015625 0.02626953125 0.04111328125
0 0.41328125 0.4125 0.02099609375 0.0318359375
0 0.31953125 0.2671875 0.01455078125 0.028125
0 0.43984375 0.653125 0.02412109375 0.0439453125
0 0.5671875 0.39609375 0.0189453125 0.0330078125
0 0.4046875 0.4328125 0.01884765625 0.0341796875
0 0.49921875 0.396875 0.020703125 0.03505859375
0 0.47109375 0.615625 0.0234375 0.04072265625
0 0.44140625 0.35234375 0.0169921875 0.03125
0 0.265625 0.45703125 0.02119140625 0.036328125
0 0.51796875 0.35859375 0.0171875 0.0296875