1 0.50234375 0.5609375 0.7140625 0.878125
0 0.46953125 0.57890625 0.02646484375 0.0421875
0 0.453125 0.678125 0.02548828125 0.04697265625
0 0.3859375 0.4515625 0.0216796875 0.0345703125
0 0.30859375 0.81484375 0.02666015625 0.04521484375
0 0.50703125 0.5015625 0.02275390625 0.037890625
0 0.44453125 0.5859375 0.02646484375 0.04130859375
0 0.328125 0.7796875 0.0310546875 0.05234375
0 0.35625 0.8015625 0.0275390625 0.037890625
0 0.46171875 0.62578125 0.025 0.04248046875
0 0.46875 0.17890625 0.012890625 0.020703125
0 0.471875 0.5375 0.024609375 0.03828125
0 0.5546875 0.396875 0.01865234375 0.0373046875