1 0.50234375 0.5625 0.7078125 0.875
0 0.46953125 0.57890625 0.0240234375 0.041796875
0 0.453125 0.678125 0.02548828125 0.04697265625
0 0.3859375 0.4515625 0.0224609375 0.0349609375
0 0.30859375 0.81484375 0.02939453125 0.04599609375
0 0.50703125 0.5015625 0.02314453125 0.037890625
0 0.33203125 0.703125 0.033203125 0.04970703125
0 0.328125 0.7796875 0.0251953125 0.05
0 0.35625 0.8015625 0.0279296875 0.03984375
0 0.3625 0.51796875 0.02421875 0.036328125
0 0.4671875 0.18203125 0.01494140625 0.026953125
0 0.471875 0.5375 0.025390625 0.03828125