1 0.5015625 0.5578125 0.734375 0.884375
0 0.453125 0.67734375 0.02578125 0.04560546875
0 0.2734375 0.45390625 0.02451171875 0.03642578125
0 0.3859375 0.4515625 0.02451171875 0.03681640625
0 0.35625 0.8015625 0.02880859375 0.0349609375
0 0.50703125 0.3859375 0.02001953125 0.03173828125
0 0.45703125 0.48203125 0.020703125 0.03642578125
0 0.465625 0.5703125 0.0251953125 0.04140625
0 0.4875 0.58046875 0.02177734375 0.04208984375
0 0.4796875 0.52421875 0.02265625 0.03935546875
0 0.44296875 0.57421875 0.023828125 0.040625
0 0.5546875 0.39453125 0.021875 0.034375
0 0.47265625 0.1875 0.014453125 0.02509765625
0 0.45078125 0.546875 0.0259765625 0.02578125
0 0.328125 0.778125 0.0306640625 0.05078125
0 0.31015625 0.8109375 0.032421875 0.0435546875