1 0.55078125 0.5375 0.709375 0.8033203125
0 0.55078125 0.5296875 0.021875 0.04052734375
0 0.4984375 0.484375 0.02451171875 0.03505859375
0 0.496875 0.30546875 0.015625 0.03291015625
0 0.43515625 0.271875 0.016796875 0.028125
0 0.49453125 0.525 0.023828125 0.0380859375
0 0.55625 0.44765625 0.022265625 0.0361328125
0 0.63046875 0.66796875 0.026171875 0.0359375
0 0.67734375 0.640625 0.02705078125 0.04443359375
0 0.60859375 0.584375 0.023828125 0.0439453125
0 0.478125 0.55078125 0.01923828125 0.03896484375
0 0.36171875 0.31953125 0.017578125 0.0298828125
0 0.5921875 0.40078125 0.019140625 0.0328125
0 0.29609375 0.34296875 0.01875 0.0328125
0 0.39453125 0.60078125 0.026171875 0.0421875