1 0.5015625 0.55234375 0.765625 0.8953125
0 0.453125 0.67734375 0.028515625 0.0458984375
0 0.2734375 0.45390625 0.02216796875 0.03603515625
0 0.3859375 0.4515625 0.02177734375 0.03447265625
0 0.34453125 0.80625 0.0302734375 0.03828125
0 0.4453125 0.3609375 0.01875 0.0341796875
0 0.4578125 0.4859375 0.025 0.03984375
0 0.465625 0.5703125 0.02431640625 0.041015625
0 0.33046875 0.77890625 0.032421875 0.05400390625
0 0.4875 0.58046875 0.0248046875 0.0419921875
0 0.4796875 0.52421875 0.025 0.03974609375
0 0.44296875 0.57421875 0.023828125 0.040625
0 0.30546875 0.75390625 0.03125 0.053125
0 0.55546875 0.39921875 0.019921875 0.0359375
0 0.47734375 0.18828125 0.016796875 0.02685546875
0 0.45078125 0.546875 0.02412109375 0.02578125