1 0.50234375 0.55390625 0.7546875 0.8921875
0 0.46953125 0.57890625 0.02373046875 0.040625
0 0.453125 0.67734375 0.02822265625 0.04775390625
0 0.3859375 0.4515625 0.0248046875 0.0369140625
0 0.30859375 0.81484375 0.02705078125 0.04560546875
0 0.5015625 0.50390625 0.02265625 0.038671875
0 0.61875 0.66484375 0.02763671875 0.04560546875
0 0.44453125 0.5859375 0.02333984375 0.04052734375
0 0.328125 0.7796875 0.0287109375 0.05234375
0 0.35625 0.8015625 0.02744140625 0.037890625
0 0.4578125 0.4828125 0.0224609375 0.0380859375
0 0.4328125 0.55546875 0.024609375 0.0353515625
0 0.4734375 0.1890625 0.01640625 0.02841796875
0 0.5546875 0.39609375 0.02109375 0.03623046875
0 0.471875 0.5375 0.02421875 0.037890625