0 0.23515625 0.6421875 0.021875 0.03828125
0 0.33984375 0.69921875 0.02421875 0.0484375
0 0.36640625 0.6875 0.02734375 0.04140625
0 0.3984375 0.625 0.0234375 0.028125
0 0.43125 0.67890625 0.02734375 0.05
0 0.509375 0.68671875 0.02734375 0.0265625
0 0.5390625 0.60234375 0.01875 0.0296875
0 0.62265625 0.62109375 0.02265625 0.03125
0 0.6546875 0.5609375 0.01640625 0.0234375
0 0.69765625 0.57890625 0.0234375 0.0234375
0 0.75390625 0.63359375 0.021875 0.028125
0 0.7640625 0.6046875 0.0203125 0.0203125
0 0.7953125 0.56328125 0.0125 0.021875
0 0.80390625 0.6421875 0.021875 0.021875
0 0.871875 0.5828125 0.0234375 0.03203125
1 0.528125 0.76484375 0.94140625 0.46875