0 0.162812 0.589584 0.018125 0.024167
0 0.166563 0.765416 0.018125 0.020833
0 0.186563 0.593750 0.016875 0.029166
0 0.270937 0.578334 0.021875 0.021667
0 0.275312 0.581250 0.013125 0.020834
0 0.280312 0.592083 0.018125 0.025833
0 0.289062 0.555416 0.019375 0.020833
0 0.299063 0.603333 0.016875 0.031667
0 0.323437 0.636250 0.016875 0.027500
0 0.325000 0.574584 0.016250 0.025833
0 0.335313 0.591250 0.016875 0.024166
0 0.365938 0.600417 0.020625 0.029167
0 0.410312 0.698750 0.029375 0.025834
0 0.482500 0.697083 0.025000 0.032500
0 0.624688 0.632917 0.019375 0.027500
0 0.679688 0.644583 0.023125 0.020833
1 0.400937 0.767084 0.753125 0.464167