0 0.010937 0.342500 0.021875 0.053334
0 0.080937 0.333750 0.031875 0.039166
0 0.196250 0.377500 0.036250 0.048334
0 0.280625 0.378333 0.036250 0.053333
0 0.306250 0.365834 0.036250 0.048333
0 0.329375 0.467917 0.043750 0.067500
0 0.426250 0.820417 0.070000 0.092500
0 0.416875 0.290417 0.032500 0.025833
0 0.421250 0.318334 0.031250 0.043333
0 0.505937 0.805000 0.065625 0.103334
0 0.516875 0.458750 0.041250 0.062500
0 0.684063 0.382500 0.034375 0.051666
0 0.779062 0.607917 0.054375 0.077500
0 0.984687 0.592083 0.029375 0.077500
1 0.499688 0.617917 0.999375 0.762500