0 0.234687 0.641714 0.021875 0.038606
0 0.339688 0.699153 0.024375 0.048023
0 0.366875 0.687853 0.027500 0.040490
0 0.398438 0.624764 0.023125 0.027307
0 0.430937 0.678437 0.026875 0.049906
0 0.509062 0.686441 0.026875 0.026365
0 0.539062 0.602166 0.018125 0.029190
0 0.622500 0.620998 0.022500 0.031074
0 0.654062 0.560735 0.016875 0.023541
0 0.697812 0.578625 0.023125 0.023540
0 0.754063 0.634181 0.021875 0.027307
0 0.763437 0.604520 0.020625 0.020716
0 0.795312 0.563088 0.013125 0.022599
0 0.803750 0.642184 0.021250 0.022599
0 0.872188 0.583333 0.023125 0.032957
1 0.528438 0.764595 0.941875 0.468926