0 0.204375 0.692917 0.043750 0.062500
0 0.249375 0.721666 0.038750 0.053333
0 0.431563 0.739167 0.051875 0.058333
0 0.417813 0.284583 0.014375 0.020833
0 0.430937 0.304584 0.016875 0.025833
0 0.450937 0.307917 0.018125 0.022500
0 0.506250 0.609166 0.036250 0.046667
0 0.504062 0.392500 0.023125 0.036666
0 0.502812 0.345834 0.018125 0.021667
0 0.550312 0.300416 0.013125 0.020833
0 0.587187 0.605000 0.045625 0.051666
0 0.635625 0.604167 0.038750 0.043333
0 0.667188 0.433750 0.019375 0.015834
0 0.765313 0.388750 0.024375 0.022500
0 0.817187 0.432917 0.021875 0.017500
0 0.844375 0.589584 0.040000 0.040833
0 0.851875 0.435416 0.030000 0.015833
1 0.499688 0.780833 0.999375 0.436667
1 0.515625 0.414583 0.967500 0.285833