0 0.176250 0.555000 0.040000 0.051666
0 0.342500 0.519167 0.036250 0.045000
0 0.520625 0.450833 0.036250 0.043333
0 0.538750 0.664166 0.043750 0.056667
0 0.622500 0.627500 0.041250 0.058334
0 0.640000 0.407083 0.030000 0.040833
0 0.773125 0.643334 0.040000 0.051667
0 0.833125 0.584167 0.038750 0.051667
0 0.858437 0.827083 0.045625 0.072500
0 0.897813 0.616250 0.046875 0.064166
0 0.927188 0.952917 0.058125 0.092500
0 0.950000 0.515833 0.035000 0.055000
1 0.060625 0.039583 0.121250 0.072500
1 0.254375 0.271250 0.508750 0.480834
1 0.499688 0.648334 0.999375 0.701667
1 0.664687 0.105000 0.444375 0.210000