1 0.57578125 0.76328125 0.846875 0.4703125
0 0.25390625 0.615625 0.0234375 0.028125
0 0.303125 0.63828125 0.02421875 0.0296875
0 0.45390625 0.54921875 0.0171875 0.021875
0 0.475 0.725 0.028125 0.03828125
0 0.56953125 0.7125 0.0296875 0.034375
0 0.475 0.578125 0.01953125 0.02578125
0 0.396875 0.56875 0.019140625 0.025
0 0.36328125 0.57578125 0.0171875 0.026171875
0 0.3390625 0.59375 0.01640625 0.025390625
0 0.38828125 0.59375 0.020703125 0.022265625
0 0.4609375 0.5890625 0.02109375 0.01875
0 0.4265625 0.6046875 0.02109375 0.025
0 0.45703125 0.60546875 0.01875 0.020703125
0 0.3625 0.6125 0.01875 0.02578125