1 0.49921875 0.6171875 0.9984375 0.7625
0 0.0109375 0.3421875 0.021875 0.053125
0 0.08125 0.334375 0.03125 0.03828125
0 0.19609375 0.37734375 0.0359375 0.0484375
0 0.28046875 0.378125 0.0359375 0.053125
0 0.30625 0.365625 0.03671875 0.04921875
0 0.3296875 0.46796875 0.04375 0.06875
0 0.4265625 0.8203125 0.07109375 0.09140625
0 0.4171875 0.290625 0.03359375 0.025
0 0.42109375 0.31875 0.03125 0.04375
0 0.50625 0.8046875 0.065625 0.103125
0 0.5171875 0.459375 0.040625 0.0625
0 0.684375 0.3828125 0.034375 0.053125
0 0.7796875 0.6078125 0.05390625 0.078125
0 0.98515625 0.5921875 0.0296875 0.078125