1 0.50078125 0.696875 0.93125 0.171875
0 0.81640625 0.64296875 0.019921875 0.026171875
0 0.72421875 0.6390625 0.017578125 0.02265625
0 0.67421875 0.6390625 0.019921875 0.025390625
0 0.53359375 0.69921875 0.023828125 0.028125
0 0.49453125 0.6546875 0.0234375 0.025
0 0.403125 0.6625 0.021484375 0.027734375
0 0.365625 0.6359375 0.016015625 0.022265625
0 0.184375 0.69609375 0.01875 0.026171875
0 0.190625 0.6875 0.01875 0.025390625
0 0.16796875 0.6625 0.016796875 0.027734375
0 0.32421875 0.63671875 0.016796875 0.0234375
0 0.41015625 0.6296875 0.014453125 0.021875