1 0.55859375 0.7 0.8765625 0.49140625
0 0.21953125 0.50625 0.034375 0.02578125
0 0.26953125 0.49921875 0.0265625 0.01875
0 0.42421875 0.5078125 0.02578125 0.01953125
0 0.58984375 0.50234375 0.02890625 0.01875
0 0.5421875 0.50859375 0.0265625 0.01796875
0 0.4875 0.50078125 0.0265625 0.01875
0 0.44453125 0.50390625 0.02265625 0.01875
0 0.52734375 0.4828125 0.021875 0.01640625
0 0.5375 0.49921875 0.02890625 0.01796875
0 0.46171875 0.48984375 0.0203125 0.0203125
0 0.2390625 0.47421875 0.01796875 0.01953125
0 0.215625 0.47734375 0.02265625 0.01953125
0 0.22265625 0.4875 0.02421875 0.0140625
0 0.50859375 0.4875 0.02109375 0.015625