1 0.55859375 0.7 0.8765625 0.491015625
0 0.21953125 0.50625 0.034375 0.025390625
0 0.26953125 0.49921875 0.0265625 0.01875
0 0.42421875 0.5078125 0.026171875 0.019140625
0 0.58984375 0.50234375 0.029296875 0.01875
0 0.5421875 0.50859375 0.02734375 0.017578125
0 0.4875 0.50078125 0.02578125 0.01875
0 0.44453125 0.50390625 0.023046875 0.01875
0 0.52734375 0.4828125 0.021875 0.016015625
0 0.5375 0.49921875 0.028515625 0.017578125
0 0.46171875 0.48984375 0.0203125 0.0203125
0 0.2390625 0.47421875 0.018359375 0.019921875
0 0.215625 0.47734375 0.022265625 0.019921875
0 0.22265625 0.4875 0.023828125 0.01328125
0 0.50859375 0.4875 0.020703125 0.015625