1 0.64140625 0.57890625 0.715625 0.285546875
0 0.51953125 0.4828125 0.0171875 0.021484375
0 0.5296875 0.50703125 0.01640625 0.021875
0 0.52734375 0.559375 0.019921875 0.028515625
0 0.58515625 0.54609375 0.017578125 0.026171875
0 0.578125 0.5953125 0.018359375 0.028125
0 0.6171875 0.61640625 0.021484375 0.033203125
0 0.63125 0.62578125 0.021484375 0.036328125
0 0.64453125 0.6390625 0.026171875 0.03125
0 0.72421875 0.65625 0.028125 0.025
0 0.784375 0.64453125 0.02578125 0.0234375
0 0.70546875 0.64765625 0.023828125 0.035546875
0 0.7078125 0.63125 0.022265625 0.028515625
0 0.6984375 0.59296875 0.02265625 0.029296875
0 0.6359375 0.5765625 0.021484375 0.025