1 0.47578125 0.828125 0.784375 0.34296875
0 0.19765625 0.984375 0.033203125 0.03125
0 0.2296875 0.96171875 0.034375 0.048828125
0 0.27890625 0.884375 0.0296875 0.047265625
0 0.31171875 0.79921875 0.0234375 0.039453125
0 0.39140625 0.9015625 0.026171875 0.04609375
0 0.48671875 0.9453125 0.030078125 0.046484375
0 0.63984375 0.9546875 0.03125 0.04765625
0 0.4375 0.728125 0.021484375 0.028515625
0 0.553125 0.7921875 0.021875 0.031640625
0 0.5015625 0.81875 0.02265625 0.037890625
0 0.4375 0.78984375 0.021484375 0.035546875
0 0.56015625 0.865625 0.023046875 0.037890625
0 0.4734375 0.853125 0.028125 0.040625
0 0.50234375 0.88828125 0.028125 0.040625
0 0.49140625 0.9125 0.026953125 0.03828125