0 0.12265625 0.6640625 0.0296875 0.040625
0 0.46328125 0.5515625 0.0171875 0.021875
0 0.6296875 0.52734375 0.021875 0.0234375
0 0.5703125 0.5171875 0.0125 0.01875
0 0.5140625 0.50859375 0.015625 0.0203125
0 0.609375 0.4984375 0.0125 0.015625
0 0.29765625 0.6046875 0.0203125 0.03125
0 0.27109375 0.62890625 0.0234375 0.0328125
0 0.25546875 0.62265625 0.0203125 0.0328125
0 0.23984375 0.61875 0.0171875 0.03125
0 0.2234375 0.6140625 0.021875 0.03125
0 0.278125 0.61796875 0.01875 0.0265625
0 0.26171875 0.6109375 0.0140625 0.01875
0 0.2453125 0.60703125 0.01875 0.0234375
0 0.2640625 0.60390625 0.01875 0.0234375
0 0.284375 0.60390625 0.01875 0.0265625