0 0.87890625 0.3375 0.0296875 0.040625
0 0.53828125 0.45 0.0171875 0.021875
0 0.3703125 0.47421875 0.021875 0.0234375
0 0.4296875 0.484375 0.0125 0.01875
0 0.4859375 0.49296875 0.015625 0.0203125
0 0.3921875 0.5015625 0.0125 0.015625
0 0.70390625 0.3953125 0.0203125 0.03125
0 0.72890625 0.37265625 0.0234375 0.0328125
0 0.74609375 0.37734375 0.0203125 0.0328125
0 0.76171875 0.3828125 0.0171875 0.03125
0 0.778125 0.3875 0.021875 0.03125
0 0.721875 0.38203125 0.01875 0.0265625
0 0.73984375 0.390625 0.0140625 0.01875
0 0.7546875 0.39296875 0.01875 0.0234375
0 0.7359375 0.39609375 0.01875 0.0234375
0 0.7171875 0.39609375 0.01875 0.0265625