1 0.5 0.71796875 1 0.5625
0 0.02421875 0.7234375 0.045703125 0.09609375
0 0.0265625 0.6515625 0.053125 0.065625
0 0.13125 0.5546875 0.04375 0.04375
0 0.2765625 0.55859375 0.04609375 0.0453125
0 0.2875 0.54140625 0.03828125 0.035546875
0 0.42421875 0.63515625 0.065625 0.069921875
0 0.296875 0.696875 0.084375 0.084375
0 0.55546875 0.90859375 0.1375 0.154296875
0 0.5765625 0.6640625 0.07109375 0.08515625
0 0.6484375 0.6453125 0.068359375 0.075390625
0 0.7640625 0.64296875 0.07109375 0.079296875
0 0.50234375 0.5171875 0.035546875 0.0375