1 0.46953125 0.67265625 0.8046875 0.6546875
0 0.5953125 0.68515625 0.03515625 0.051953125
0 0.51875 0.5671875 0.028125 0.041015625
0 0.4453125 0.51328125 0.028515625 0.0359375
0 0.43359375 0.475 0.021875 0.034765625
0 0.7828125 0.46484375 0.028125 0.035546875
0 0.609375 0.4515625 0.02421875 0.033984375
0 0.5640625 0.41484375 0.025 0.033203125
0 0.54921875 0.3765625 0.019921875 0.028515625
0 0.5828125 0.38359375 0.02109375 0.028125
0 0.61015625 0.43359375 0.0203125 0.025
0 0.75 0.3875 0.01875 0.027734375
0 0.71875 0.4203125 0.02421875 0.02890625
0 0.61328125 0.4203125 0.020703125 0.021875
0 0.63515625 0.4375 0.019921875 0.03046875
0 0.65703125 0.415625 0.0203125 0.025390625
0 0.640625 0.3984375 0.022265625 0.027734375