1 0.60546875 0.753125 0.7890625 0.49375
0 0.353125 0.778125 0.03671875 0.05
0 0.44375 0.6765625 0.03046875 0.04375
0 0.47109375 0.70390625 0.026171875 0.042578125
0 0.465625 0.78828125 0.037109375 0.0484375
0 0.60703125 0.63359375 0.0296875 0.036328125
0 0.6375 0.66171875 0.02578125 0.036328125
0 0.6609375 0.79375 0.0375 0.05078125
0 0.75546875 0.734375 0.0296875 0.04921875
0 0.715625 0.86640625 0.033984375 0.057421875
0 0.71796875 0.91484375 0.0390625 0.0515625
0 0.89296875 0.9453125 0.044921875 0.058984375