0 0.53671875 0.98125 0.0171875 0.025
0 0.553125 0.8953125 0.015625 0.025
0 0.4734375 0.90390625 0.01875 0.0265625
0 0.62890625 0.88984375 0.0171875 0.0234375
0 0.5359375 0.71015625 0.01875 0.0265625
0 0.30078125 0.60546875 0.0265625 0.0359375
0 0.515625 0.46484375 0.025 0.0265625
0 0.58515625 0.38984375 0.0265625 0.0328125
0 0.56796875 0.32265625 0.0296875 0.0390625
0 0.4015625 0.38125 0.025 0.034375
0 0.50546875 0.36484375 0.0265625 0.0359375
0 0.5234375 0.3828125 0.025 0.034375
0 0.4984375 0.39140625 0.025 0.0328125
0 0.48828125 0.4109375 0.0234375 0.028125
0 0.5125 0.41015625 0.021875 0.0234375
0 0.53515625 0.40625 0.0234375 0.025
0 0.52578125 0.42734375 0.0203125 0.0265625
0 0.503125 0.43203125 0.021875 0.0265625
0 0.5140625 0.44609375 0.025 0.0171875
0 0.50625 0.0984375 0.0375 0.04375
0 0.26953125 0.1796875 0.0328125 0.046875
0 0.48671875 0.2125 0.0296875 0.04375