0 0.33203125 0.45390625 0.0140625 0.0296875
0 0.471875 0.590625 0.015625 0.028125
0 0.48671875 0.50234375 0.0140625 0.0296875
0 0.5125 0.52109375 0.015625 0.0265625
0 0.4921875 0.55390625 0.015625 0.0296875
0 0.54609375 0.51953125 0.0171875 0.0265625
0 0.5625 0.5359375 0.015625 0.028125
0 0.58515625 0.52578125 0.0171875 0.0328125
0 0.6921875 0.28984375 0.0125 0.0234375
0 0.609375 0.21484375 0.0125 0.0234375
0 0.5671875 0.16640625 0.0125 0.0203125
0 0.5140625 0.1671875 0.0125 0.021875
0 0.46484375 0.17109375 0.0109375 0.0171875
0 0.45234375 0.15546875 0.0109375 0.0171875
0 0.49765625 0.675 0.0171875 0.034375
0 0.61328125 0.55390625 0.0234375 0.0296875
0 0.475 0.55234375 0.015625 0.0265625
0 0.53046875 0.60546875 0.0171875 0.0359375
0 0.484375 0.534375 0.015625 0.01875
0 0.49921875 0.53046875 0.0140625 0.0265625