0 0.39375 0.08828125 0.015625 0.0203125
0 0.46015625 0.09140625 0.0171875 0.0203125
0 0.521875 0.09921875 0.015625 0.0203125
0 0.5234375 0.08671875 0.01875 0.0171875
0 0.4578125 0.265625 0.015625 0.021875
0 0.453125 0.50390625 0.021875 0.0296875
0 0.453125 0.75546875 0.025 0.0390625
0 0.4015625 0.7828125 0.028125 0.04375
0 0.45 0.65546875 0.028125 0.0359375
0 0.74921875 0.6078125 0.0203125 0.028125
0 0.490625 0.5296875 0.021875 0.03125
0 0.496875 0.5640625 0.025 0.03125
0 0.50859375 0.5859375 0.0265625 0.03125
0 0.41796875 0.5828125 0.0234375 0.034375
0 0.42421875 0.559375 0.0203125 0.03125
0 0.4421875 0.54609375 0.021875 0.0296875
0 0.453125 0.5296875 0.025 0.03125
0 0.4421875 0.58203125 0.021875 0.0296875
0 0.45078125 0.59921875 0.0203125 0.0296875
0 0.47421875 0.6 0.0265625 0.034375
0 0.46640625 0.58125 0.0203125 0.025