0 0.4578125 0.26796875 0.01875 0.0234375
0 0.61796875 0.16328125 0.0140625 0.0171875
0 0.45859375 0.0921875 0.0171875 0.01875
0 0.5265625 0.09140625 0.015625 0.0203125
0 0.453125 0.50703125 0.01875 0.0234375
0 0.4015625 0.78125 0.03125 0.040625
0 0.44921875 0.65859375 0.0234375 0.0328125
0 0.453125 0.603125 0.01875 0.03125
0 0.47421875 0.6 0.0203125 0.03125
0 0.74765625 0.609375 0.0203125 0.028125
0 0.4203125 0.57890625 0.021875 0.0265625
0 0.44296875 0.57890625 0.0171875 0.0234375
0 0.4625 0.57890625 0.01875 0.0203125
0 0.509375 0.5875 0.021875 0.025
0 0.4234375 0.55703125 0.01875 0.0203125
0 0.45390625 0.56015625 0.0171875 0.0171875
0 0.4984375 0.56015625 0.01875 0.0203125
0 0.44140625 0.54453125 0.0171875 0.0265625
0 0.49140625 0.53046875 0.0203125 0.0234375
0 0.45546875 0.528125 0.0265625 0.028125
0 0.45390625 0.75625 0.0296875 0.040625
0 0.39453125 0.08984375 0.0140625 0.0203125