0 0.45859375 0.0984375 0.0171875 0.025
0 0.5109375 0.103125 0.015625 0.025
0 0.590625 0.10703125 0.01875 0.0265625
0 0.434375 0.09609375 0.015625 0.0234375
0 0.4984375 0.28671875 0.01875 0.0265625
0 0.49296875 0.63046875 0.0265625 0.0359375
0 0.4796875 0.53359375 0.025 0.0265625
0 0.43828125 0.603125 0.0234375 0.025
0 0.42265625 0.62890625 0.0296875 0.0390625
0 0.51875 0.63125 0.025 0.034375
0 0.46953125 0.62890625 0.0265625 0.0359375
0 0.45859375 0.6078125 0.0234375 0.021875
0 0.484375 0.6046875 0.021875 0.025
0 0.49765625 0.58984375 0.0234375 0.0265625
0 0.47421875 0.58828125 0.0203125 0.0234375
0 0.45078125 0.5875 0.0234375 0.025
0 0.46484375 0.56953125 0.0203125 0.0265625
0 0.4875 0.5671875 0.021875 0.025
0 0.478125 0.55078125 0.025 0.0171875
0 0.5078125 0.6078125 0.025 0.028125
0 0.446875 0.6296875 0.025 0.034375
0 0.46953125 0.7859375 0.0296875 0.04375