0 0.44453125 0.640625 0.0234375 0.034375
0 0.5234375 0.8984375 0.015625 0.025
0 0.6046875 0.89140625 0.01875 0.0265625
0 0.44765625 0.90703125 0.0171875 0.0234375
0 0.50625 0.7140625 0.01875 0.028125
0 0.48984375 0.3703125 0.0296875 0.040625
0 0.47890625 0.46796875 0.0265625 0.0265625
0 0.44296875 0.37578125 0.0265625 0.0328125
0 0.434375 0.39921875 0.025 0.0265625
0 0.50546875 0.39375 0.0234375 0.028125
0 0.465625 0.37421875 0.028125 0.0359375
0 0.45546875 0.39375 0.0234375 0.021875
0 0.4796875 0.396875 0.021875 0.025
0 0.49453125 0.4109375 0.0234375 0.028125
0 0.4703125 0.41328125 0.021875 0.0234375
0 0.44765625 0.4140625 0.0234375 0.025
0 0.4625 0.43359375 0.021875 0.0265625
0 0.484375 0.43359375 0.021875 0.0265625
0 0.4765625 0.45078125 0.025 0.0171875
0 0.515625 0.371875 0.025 0.028125
0 0.41796875 0.3765625 0.0265625 0.0375
0 0.459375 0.215625 0.03125 0.04375