0 0.38828125 0.08984375 0.0171875 0.0265625
0 0.4515625 0.0921875 0.015625 0.021875
0 0.51953125 0.09296875 0.0140625 0.0203125
0 0.45390625 0.265625 0.0171875 0.025
0 0.453125 0.50234375 0.021875 0.0265625
0 0.45390625 0.5265625 0.0203125 0.021875
0 0.47578125 0.6015625 0.0203125 0.028125
0 0.45546875 0.60390625 0.0234375 0.0328125
0 0.46328125 0.58046875 0.0203125 0.0203125
0 0.44375 0.57890625 0.01875 0.0234375
0 0.42109375 0.58203125 0.0171875 0.0234375
0 0.43203125 0.5625 0.0203125 0.021875
0 0.44375 0.5453125 0.01875 0.021875
0 0.4546875 0.5609375 0.01875 0.021875
0 0.45625 0.7578125 0.03125 0.0375
0 0.409375 0.08984375 0.01875 0.0265625
0 0.41171875 0.60234375 0.0203125 0.0296875
0 0.43359375 0.60546875 0.0203125 0.0296875
0 0.4984375 0.6015625 0.021875 0.034375
0 0.4859375 0.578125 0.021875 0.021875
0 0.4765625 0.5609375 0.01875 0.01875
0 0.46328125 0.54453125 0.0171875 0.0203125