0 0.52265625 0.7359375 0.0203125 0.025
0 0.546875 0.9203125 0.015625 0.01875
0 0.50703125 0.9109375 0.0171875 0.01875
0 0.43828125 0.90625 0.0171875 0.021875
0 0.54765625 0.49765625 0.0203125 0.0234375
0 0.60078125 0.409375 0.0234375 0.034375
0 0.57734375 0.40546875 0.0234375 0.0296875
0 0.55546875 0.4015625 0.0203125 0.03125
0 0.53515625 0.40234375 0.0234375 0.0328125
0 0.5140625 0.40234375 0.021875 0.0296875
0 0.58671875 0.4296875 0.0234375 0.028125
0 0.565625 0.42734375 0.01875 0.0234375
0 0.54609375 0.42578125 0.0203125 0.0203125
0 0.52109375 0.42578125 0.0203125 0.0234375
0 0.57265625 0.45 0.0203125 0.021875
0 0.55234375 0.44453125 0.0171875 0.0171875
0 0.53046875 0.4421875 0.0203125 0.021875
0 0.5625 0.46171875 0.01875 0.0265625
0 0.54140625 0.4609375 0.0234375 0.025
0 0.55 0.47890625 0.03125 0.0265625
0 0.56953125 0.24921875 0.0328125 0.0421875
0 0.5703125 0.91875 0.015625 0.021875