0 0.43046875 0.10078125 0.0171875 0.0265625
0 0.48203125 0.10234375 0.0140625 0.0234375
0 0.56328125 0.1015625 0.0171875 0.025
0 0.40625 0.1015625 0.015625 0.021875
0 0.48359375 0.2875 0.0171875 0.025
0 0.50390625 0.63203125 0.0265625 0.0390625
0 0.48203125 0.534375 0.0234375 0.025
0 0.45546875 0.63125 0.0234375 0.03125
0 0.4453125 0.6078125 0.021875 0.025
0 0.51640625 0.60546875 0.0203125 0.0265625
0 0.478125 0.6296875 0.025 0.034375
0 0.4671875 0.61015625 0.021875 0.0203125
0 0.49140625 0.60546875 0.0203125 0.0234375
0 0.5046875 0.58984375 0.021875 0.0265625
0 0.48046875 0.5890625 0.0203125 0.021875
0 0.4578125 0.59140625 0.021875 0.0234375
0 0.46875 0.571875 0.01875 0.025
0 0.49140625 0.56875 0.0203125 0.025
0 0.48125 0.553125 0.025 0.015625
0 0.52890625 0.62578125 0.0234375 0.0265625
0 0.43203125 0.63203125 0.0234375 0.0359375
0 0.48984375 0.78828125 0.0265625 0.0421875