0 0.39375 0.0890625 0.0125 0.01875
0 0.45859375 0.09140625 0.0140625 0.0203125
0 0.52734375 0.09140625 0.0140625 0.0203125
0 0.45859375 0.26484375 0.0171875 0.0234375
0 0.45234375 0.50703125 0.0203125 0.0234375
0 0.39765625 0.55859375 0.0234375 0.0453125
0 0.409375 0.6 0.021875 0.03125
0 0.43203125 0.6 0.0203125 0.03125
0 0.45390625 0.603125 0.0203125 0.03125
0 0.47421875 0.6 0.0203125 0.03125
0 0.496875 0.60234375 0.021875 0.0296875
0 0.421875 0.57890625 0.01875 0.0234375
0 0.44296875 0.5796875 0.0234375 0.025
0 0.4640625 0.578125 0.01875 0.021875
0 0.48515625 0.57734375 0.0203125 0.0203125
0 0.43203125 0.559375 0.0203125 0.01875
0 0.45390625 0.56015625 0.0203125 0.0234375
0 0.475 0.55859375 0.021875 0.0203125
0 0.4421875 0.54296875 0.01875 0.0203125
0 0.46484375 0.54296875 0.0203125 0.0203125
0 0.45234375 0.52734375 0.0203125 0.0203125
0 0.4515625 0.75703125 0.025 0.0453125