0 0.51875 0.15390625 0.0125 0.0203125
0 0.5078125 0.16953125 0.009375 0.0171875
0 0.45859375 0.16796875 0.0109375 0.0203125
0 0.4046875 0.175 0.0125 0.01875
0 0.32578125 0.54765625 0.0203125 0.0328125
0 0.5359375 0.58828125 0.01875 0.0296875
0 0.4984375 0.59765625 0.01875 0.0328125
0 0.48046875 0.6125 0.0203125 0.034375
0 0.2921875 0.30703125 0.015625 0.0265625
0 0.428125 0.53203125 0.01875 0.0265625
0 0.45625 0.52578125 0.01875 0.0328125
0 0.5296875 0.55 0.01875 0.028125
0 0.51328125 0.5515625 0.0171875 0.028125
0 0.496875 0.5515625 0.01875 0.028125
0 0.51875 0.534375 0.01875 0.025
0 0.50234375 0.53671875 0.0171875 0.0234375
0 0.50859375 0.52109375 0.0171875 0.0203125
0 0.49296875 0.51875 0.0171875 0.025
0 0.50390625 0.5078125 0.0171875 0.025
0 0.49765625 0.49375 0.0171875 0.028125
0 0.51796875 0.67109375 0.0203125 0.0359375