0 0.39375 0.0890625 0.01875 0.025
0 0.459375 0.09375 0.01875 0.021875
0 0.525 0.09296875 0.01875 0.0265625
0 0.4546875 0.26640625 0.021875 0.0234375
0 0.521875 0.37265625 0.028125 0.0421875
0 0.4515625 0.753125 0.025 0.040625
0 0.453125 0.50390625 0.021875 0.0265625
0 0.3984375 0.78203125 0.025 0.0421875
0 0.440625 0.678125 0.028125 0.0375
0 0.509375 0.5859375 0.025 0.034375
0 0.49765625 0.5625 0.0203125 0.03125
0 0.49140625 0.5328125 0.0203125 0.03125
0 0.79140625 0.60703125 0.0234375 0.0359375
0 0.4171875 0.5859375 0.01875 0.028125
0 0.45 0.60390625 0.025 0.0328125
0 0.4203125 0.559375 0.021875 0.03125
0 0.440625 0.546875 0.025 0.025
0 0.4515625 0.52890625 0.025 0.0265625
0 0.4546875 0.5625 0.025 0.028125
0 0.4640625 0.58125 0.025 0.034375
0 0.4734375 0.59609375 0.025 0.0390625
0 0.44296875 0.57734375 0.0171875 0.0203125