0 0.39453125 0.0890625 0.0171875 0.01875
0 0.46015625 0.090625 0.0203125 0.021875
0 0.52578125 0.09375 0.0171875 0.021875
0 0.575 0.134375 0.015625 0.025
0 0.45703125 0.2671875 0.0203125 0.025
0 0.4546875 0.50390625 0.021875 0.0296875
0 0.453125 0.75703125 0.03125 0.0421875
0 0.4015625 0.78203125 0.028125 0.0421875
0 0.746875 0.60859375 0.028125 0.0359375
0 0.45078125 0.65546875 0.0265625 0.0390625
0 0.51015625 0.58671875 0.0234375 0.0328125
0 0.49765625 0.5625 0.0234375 0.03125
0 0.49140625 0.53125 0.0203125 0.03125
0 0.41796875 0.58671875 0.0234375 0.0359375
0 0.4234375 0.5625 0.01875 0.03125
0 0.44140625 0.5453125 0.0234375 0.03125
0 0.453125 0.52890625 0.025 0.0296875
0 0.45546875 0.56328125 0.0234375 0.0296875
0 0.44140625 0.5796875 0.0203125 0.028125
0 0.453125 0.60234375 0.025 0.0359375
0 0.475 0.6 0.021875 0.03125
0 0.4640625 0.57890625 0.021875 0.0265625