0 0.6484375 0.26015625 0.015625 0.0265625
0 0.459375 0.26640625 0.025 0.0296875
0 0.396875 0.090625 0.021875 0.025
0 0.4609375 0.09140625 0.021875 0.0265625
0 0.5265625 0.09765625 0.015625 0.0296875
0 0.45234375 0.5015625 0.0234375 0.028125
0 0.453125 0.759375 0.025 0.04375
0 0.4015625 0.78203125 0.028125 0.0359375
0 0.759375 0.6046875 0.025 0.03125
0 0.44921875 0.65546875 0.0265625 0.0359375
0 0.51015625 0.5875 0.0234375 0.040625
0 0.4984375 0.5625 0.025 0.034375
0 0.48828125 0.5296875 0.0234375 0.028125
0 0.4765625 0.6015625 0.028125 0.034375
0 0.4515625 0.6046875 0.025 0.034375
0 0.41640625 0.58515625 0.0234375 0.0359375
0 0.421875 0.55859375 0.025 0.0265625
0 0.4421875 0.58125 0.025 0.03125
0 0.46171875 0.58125 0.0203125 0.03125
0 0.45546875 0.565625 0.0234375 0.03125
0 0.4390625 0.5453125 0.021875 0.034375
0 0.45234375 0.53046875 0.0265625 0.0359375