0 0.40625 0.10078125 0.015625 0.0203125
0 0.48359375 0.10234375 0.0171875 0.0234375
0 0.5640625 0.10234375 0.015625 0.0265625
0 0.5421875 0.0640625 0.015625 0.025
0 0.484375 0.29140625 0.01875 0.0296875
0 0.48125 0.53203125 0.021875 0.0234375
0 0.48828125 0.78828125 0.0265625 0.0390625
0 0.40703125 0.6046875 0.0234375 0.034375
0 0.4171875 0.67109375 0.025 0.0359375
0 0.58984375 0.62421875 0.0234375 0.0359375
0 0.70234375 0.83984375 0.0265625 0.0421875
0 0.46015625 0.90078125 0.0296875 0.0390625
0 0.484375 0.63515625 0.021875 0.0359375
0 0.46875 0.6140625 0.021875 0.03125
0 0.49140625 0.6078125 0.0234375 0.03125
0 0.503125 0.5890625 0.021875 0.025
0 0.48125 0.58671875 0.01875 0.0234375
0 0.45859375 0.58984375 0.0234375 0.0265625
0 0.4703125 0.57109375 0.01875 0.0234375
0 0.49140625 0.5671875 0.0234375 0.021875
0 0.48203125 0.5546875 0.0265625 0.01875
0 0.70859375 0.41640625 0.0234375 0.0296875