0 0.42265625 0.91796875 0.0140625 0.0203125
0 0.4875 0.9109375 0.015625 0.021875
0 0.5546875 0.90546875 0.015625 0.0203125
0 0.475 0.7375 0.01875 0.025
0 0.453125 0.496875 0.021875 0.025
0 0.44375 0.91953125 0.021875 0.0265625
0 0.40390625 0.4046875 0.0234375 0.034375
0 0.42421875 0.403125 0.0203125 0.03125
0 0.446875 0.4015625 0.021875 0.03125
0 0.4671875 0.403125 0.021875 0.03125
0 0.48984375 0.40234375 0.0234375 0.0296875
0 0.41640625 0.42734375 0.0203125 0.0203125
0 0.43671875 0.42578125 0.0203125 0.0203125
0 0.459375 0.425 0.01875 0.021875
0 0.48046875 0.4234375 0.0203125 0.021875
0 0.428125 0.44375 0.015625 0.025
0 0.45234375 0.440625 0.0234375 0.028125
0 0.471875 0.44296875 0.01875 0.0203125
0 0.4390625 0.46171875 0.01875 0.0234375
0 0.46015625 0.4609375 0.0203125 0.021875
0 0.45078125 0.47578125 0.0203125 0.0203125
0 0.434375 0.246875 0.028125 0.046875