0 0.39453125 0.090625 0.0140625 0.021875
0 0.4578125 0.09296875 0.015625 0.0234375
0 0.51796875 0.0984375 0.0140625 0.021875
0 0.5234375 0.08359375 0.015625 0.0203125
0 0.45546875 0.2640625 0.0171875 0.025
0 0.4515625 0.75859375 0.025 0.0390625
0 0.45234375 0.503125 0.0234375 0.025
0 0.74765625 0.60703125 0.0203125 0.0359375
0 0.40234375 0.78046875 0.0234375 0.0359375
0 0.44921875 0.65625 0.0234375 0.03125
0 0.4171875 0.58125 0.021875 0.028125
0 0.48984375 0.53125 0.0203125 0.028125
0 0.49765625 0.5609375 0.0234375 0.03125
0 0.50859375 0.5859375 0.0234375 0.028125
0 0.475 0.6 0.021875 0.028125
0 0.4546875 0.60078125 0.021875 0.0296875
0 0.44296875 0.58125 0.0203125 0.03125
0 0.46484375 0.57890625 0.0203125 0.0265625
0 0.45625 0.56171875 0.021875 0.0265625
0 0.44296875 0.54375 0.0203125 0.028125
0 0.42421875 0.55859375 0.0234375 0.0265625
0 0.45390625 0.528125 0.0265625 0.025