0 0.39375 0.0890625 0.015625 0.021875
0 0.4578125 0.09140625 0.015625 0.0234375
0 0.52265625 0.10078125 0.0203125 0.0203125
0 0.525 0.08984375 0.01875 0.0140625
0 0.4578125 0.26796875 0.01875 0.0234375
0 0.453125 0.5 0.01875 0.025
0 0.453125 0.7546875 0.03125 0.0375
0 0.490625 0.52734375 0.021875 0.0265625
0 0.7484375 0.609375 0.025 0.028125
0 0.509375 0.5828125 0.021875 0.03125
0 0.49765625 0.56171875 0.0234375 0.0234375
0 0.44921875 0.65546875 0.0234375 0.0296875
0 0.4015625 0.78125 0.025 0.034375
0 0.41796875 0.584375 0.0203125 0.034375
0 0.42421875 0.5609375 0.0203125 0.028125
0 0.44140625 0.58203125 0.0234375 0.0359375
0 0.45 0.60234375 0.021875 0.0359375
0 0.4734375 0.59921875 0.021875 0.0359375
0 0.4625 0.58046875 0.021875 0.0265625
0 0.45546875 0.5625 0.0203125 0.028125
0 0.43984375 0.5453125 0.0203125 0.028125
0 0.45390625 0.52734375 0.0296875 0.0265625