0 0.38046875 0.36640625 0.0203125 0.0328125
0 0.62890625 0.7765625 0.0140625 0.021875
0 0.475 0.84765625 0.0125 0.0203125
0 0.48828125 0.83125 0.0109375 0.021875
0 0.5375 0.83125 0.0125 0.021875
0 0.590625 0.82890625 0.0125 0.0203125
0 0.54453125 0.5015625 0.0171875 0.034375
0 0.4875 0.4984375 0.015625 0.028125
0 0.50078125 0.46875 0.0171875 0.028125
0 0.48828125 0.45 0.0171875 0.028125
0 0.4125 0.484375 0.01875 0.028125
0 0.54453125 0.4765625 0.0171875 0.028125
0 0.5609375 0.4609375 0.01875 0.03125
0 0.58203125 0.46953125 0.0171875 0.0296875
0 0.70703125 0.69765625 0.0140625 0.0265625
0 0.33515625 0.55703125 0.0171875 0.0265625
0 0.4734375 0.48828125 0.01875 0.0296875
0 0.48515625 0.32578125 0.0203125 0.0359375