0 0.38359375 0.36484375 0.0203125 0.0328125
0 0.62421875 0.778125 0.0140625 0.021875
0 0.46875 0.84765625 0.0125 0.0203125
0 0.48203125 0.83125 0.0109375 0.021875
0 0.53125 0.8328125 0.0125 0.021875
0 0.584375 0.83046875 0.0125 0.0203125
0 0.54453125 0.50234375 0.0171875 0.0328125
0 0.4875 0.49921875 0.015625 0.0265625
0 0.50234375 0.46875 0.0171875 0.028125
0 0.48984375 0.45 0.0171875 0.028125
0 0.4140625 0.4828125 0.01875 0.028125
0 0.54609375 0.4765625 0.0171875 0.028125
0 0.5609375 0.4609375 0.01875 0.03125
0 0.58203125 0.47109375 0.0171875 0.0296875
0 0.70390625 0.70078125 0.0140625 0.0265625
0 0.334375 0.5546875 0.015625 0.025
0 0.4734375 0.48828125 0.01875 0.0296875
0 0.48828125 0.32578125 0.0203125 0.0359375