0 0.39375 0.08828125 0.01875 0.0234375
0 0.4609375 0.0890625 0.015625 0.021875
0 0.525 0.09375 0.015625 0.021875
0 0.64453125 0.1859375 0.0171875 0.03125
0 0.459375 0.26484375 0.028125 0.0328125
0 0.45390625 0.50703125 0.0234375 0.0296875
0 0.40234375 0.784375 0.0296875 0.04375
0 0.4484375 0.65625 0.025 0.034375
0 0.4171875 0.5859375 0.021875 0.0375
0 0.4234375 0.56171875 0.021875 0.0359375
0 0.44140625 0.5484375 0.0234375 0.0375
0 0.45078125 0.53125 0.0203125 0.034375
0 0.4890625 0.53125 0.025 0.03125
0 0.496875 0.56171875 0.025 0.0328125
0 0.50859375 0.5875 0.0296875 0.03125
0 0.47421875 0.60078125 0.0234375 0.0328125
0 0.453125 0.603125 0.021875 0.03125
0 0.44140625 0.578125 0.0171875 0.034375
0 0.4546875 0.56171875 0.028125 0.0296875
0 0.46328125 0.57890625 0.0171875 0.0203125
0 0.746875 0.60625 0.021875 0.034375
0 0.45390625 0.7515625 0.0328125 0.0375