0 0.33203125 0.45390625 0.0140625 0.0296875
0 0.4140625 0.5234375 0.015625 0.028125
0 0.47578125 0.51328125 0.0140625 0.0296875
0 0.48671875 0.50234375 0.0140625 0.0296875
0 0.5046875 0.5328125 0.01875 0.028125
0 0.4921875 0.55390625 0.015625 0.0296875
0 0.53046875 0.60703125 0.0171875 0.0296875
0 0.54296875 0.49375 0.0140625 0.028125
0 0.54609375 0.51953125 0.0171875 0.0265625
0 0.5625 0.5359375 0.015625 0.028125
0 0.58515625 0.52578125 0.0171875 0.0328125
0 0.6921875 0.28984375 0.0125 0.0234375
0 0.609375 0.21484375 0.0125 0.0234375
0 0.5671875 0.16640625 0.0125 0.0203125
0 0.5140625 0.1671875 0.0125 0.021875
0 0.46484375 0.17109375 0.0109375 0.0171875
0 0.45234375 0.15546875 0.0109375 0.0171875
0 0.49765625 0.675 0.0171875 0.034375
0 0.4609375 0.55234375 0.01875 0.0296875