0 0.39453125 0.08828125 0.0171875 0.0265625
0 0.459375 0.0921875 0.015625 0.021875
0 0.52578125 0.09296875 0.0140625 0.0203125
0 0.45703125 0.2640625 0.0171875 0.025
0 0.453125 0.50234375 0.021875 0.0265625
0 0.45390625 0.52578125 0.0203125 0.0203125
0 0.47421875 0.6015625 0.0203125 0.028125
0 0.45390625 0.603125 0.0234375 0.03125
0 0.46171875 0.57890625 0.0203125 0.0203125
0 0.44140625 0.58046875 0.0203125 0.0265625
0 0.42109375 0.58046875 0.0171875 0.0234375
0 0.43125 0.56015625 0.01875 0.0203125
0 0.4421875 0.54375 0.01875 0.021875
0 0.453125 0.56015625 0.01875 0.0203125
0 0.4515625 0.75703125 0.03125 0.0359375
0 0.496875 0.60234375 0.021875 0.0296875
0 0.48515625 0.578125 0.0203125 0.025
0 0.475 0.56171875 0.01875 0.0234375
0 0.409375 0.603125 0.01875 0.028125
0 0.4171875 0.0875 0.015625 0.021875
0 0.46484375 0.54296875 0.0203125 0.0234375
0 0.43203125 0.6015625 0.0203125 0.028125