0 0.46328125 0.1546875 0.0109375 0.01875
0 0.4765625 0.16953125 0.009375 0.0171875
0 0.525 0.16640625 0.009375 0.0203125
0 0.578125 0.16953125 0.0125 0.0171875
0 0.6765625 0.5375 0.01875 0.03125
0 0.46953125 0.590625 0.0171875 0.028125
0 0.50703125 0.596875 0.0171875 0.03125
0 0.5265625 0.6109375 0.01875 0.034375
0 0.69765625 0.29765625 0.0140625 0.0265625
0 0.57421875 0.52890625 0.0171875 0.0265625
0 0.54609375 0.5234375 0.0171875 0.03125
0 0.47421875 0.55078125 0.0171875 0.0265625
0 0.490625 0.55234375 0.015625 0.0265625
0 0.50703125 0.5515625 0.0171875 0.028125
0 0.48359375 0.53515625 0.0171875 0.0234375
0 0.5 0.53671875 0.015625 0.0234375
0 0.4921875 0.52109375 0.015625 0.0203125
0 0.509375 0.51796875 0.015625 0.0234375
0 0.49765625 0.5078125 0.0171875 0.025
0 0.50234375 0.49296875 0.0171875 0.0265625
0 0.490625 0.671875 0.01875 0.034375