0 0.45078125 0.15625 0.0109375 0.01875
0 0.4640625 0.17109375 0.009375 0.0171875
0 0.5140625 0.16640625 0.009375 0.0203125
0 0.5671875 0.16796875 0.0125 0.0171875
0 0.62421875 0.5703125 0.0203125 0.034375
0 0.47265625 0.590625 0.0171875 0.028125
0 0.5296875 0.609375 0.01875 0.034375
0 0.69140625 0.28828125 0.0140625 0.0265625
0 0.546875 0.521875 0.015625 0.028125
0 0.47578125 0.55234375 0.0171875 0.0265625
0 0.4921875 0.55234375 0.015625 0.0265625
0 0.48515625 0.534375 0.0140625 0.021875
0 0.5015625 0.53671875 0.015625 0.0234375
0 0.509375 0.51796875 0.015625 0.0234375
0 0.496875 0.50859375 0.015625 0.0203125
0 0.5015625 0.49609375 0.015625 0.0265625
0 0.575 0.5296875 0.015625 0.028125
0 0.49375 0.51796875 0.015625 0.0171875
0 0.51015625 0.5953125 0.0171875 0.03125
0 0.509375 0.55078125 0.015625 0.0296875