0 0.54296875 0.15625 0.0109375 0.01875
0 0.53125 0.16953125 0.009375 0.0171875
0 0.48125 0.16640625 0.009375 0.0203125
0 0.428125 0.16953125 0.0125 0.0171875
0 0.2765625 0.51875 0.021875 0.034375
0 0.52890625 0.590625 0.0171875 0.028125
0 0.471875 0.6109375 0.01875 0.034375
0 0.30546875 0.29140625 0.0140625 0.0265625
0 0.4546875 0.52265625 0.015625 0.0296875
0 0.52578125 0.55078125 0.0171875 0.0265625
0 0.509375 0.55234375 0.015625 0.0265625
0 0.51640625 0.534375 0.0140625 0.021875
0 0.5015625 0.53046875 0.015625 0.0234375
0 0.4890625 0.51953125 0.015625 0.0234375
0 0.51484375 0.5015625 0.0171875 0.021875
0 0.3859375 0.22265625 0.015625 0.0265625
0 0.4171875 0.52578125 0.015625 0.0296875
0 0.66796875 0.4515625 0.0171875 0.03125
0 0.4390625 0.53828125 0.015625 0.0296875
0 0.50546875 0.67890625 0.0234375 0.0390625