0 0.39609375 0.553125 0.0171875 0.03125
0 0.496875 0.67578125 0.01875 0.0359375
0 0.609375 0.215625 0.0125 0.021875
0 0.45078125 0.15546875 0.0109375 0.0203125
0 0.46484375 0.171875 0.0109375 0.021875
0 0.51328125 0.1671875 0.0109375 0.021875
0 0.56796875 0.16640625 0.0109375 0.0203125
0 0.4140625 0.5234375 0.015625 0.028125
0 0.475 0.5125 0.015625 0.028125
0 0.48671875 0.50234375 0.0140625 0.0265625
0 0.5046875 0.5328125 0.015625 0.028125
0 0.4921875 0.5515625 0.015625 0.028125
0 0.5296875 0.6078125 0.01875 0.028125
0 0.54296875 0.4953125 0.0140625 0.028125
0 0.546875 0.52109375 0.015625 0.0265625
0 0.56328125 0.5359375 0.0171875 0.03125
0 0.584375 0.525 0.015625 0.028125
0 0.69375 0.28984375 0.0125 0.0265625
0 0.33125 0.4546875 0.015625 0.025