0 0.40390625 0.8921875 0.0171875 0.025
0 0.4546875 0.8953125 0.015625 0.025
0 0.534375 0.90234375 0.01875 0.0265625
0 0.378125 0.89140625 0.015625 0.0234375
0 0.46875 0.71171875 0.01875 0.0265625
0 0.51171875 0.37109375 0.0265625 0.0359375
0 0.484375 0.46484375 0.025 0.0265625
0 0.45234375 0.390625 0.0234375 0.025
0 0.44140625 0.36171875 0.0296875 0.0390625
0 0.5375 0.3734375 0.025 0.034375
0 0.48828125 0.36953125 0.0265625 0.0359375
0 0.47421875 0.3875 0.0234375 0.021875
0 0.4984375 0.39375 0.021875 0.025
0 0.51015625 0.41171875 0.0234375 0.0265625
0 0.48671875 0.41015625 0.0203125 0.0234375
0 0.46328125 0.40625 0.0234375 0.025
0 0.47421875 0.42734375 0.0203125 0.0265625
0 0.496875 0.43125 0.021875 0.025
0 0.4859375 0.44609375 0.025 0.0171875
0 0.5234375 0.3953125 0.025 0.028125
0 0.465625 0.365625 0.025 0.034375
0 0.51015625 0.2125 0.0296875 0.04375