0 0.39453125 0.08828125 0.0171875 0.0265625
0 0.459375 0.0921875 0.015625 0.021875
0 0.52578125 0.09296875 0.0140625 0.0203125
0 0.5390625 0.1078125 0.015625 0.01875
0 0.4578125 0.2640625 0.015625 0.025
0 0.453125 0.5015625 0.021875 0.025
0 0.4515625 0.5296875 0.021875 0.028125
0 0.490625 0.53125 0.021875 0.028125
0 0.4984375 0.5625 0.021875 0.03125
0 0.5109375 0.5859375 0.025 0.034375
0 0.44921875 0.65625 0.0234375 0.0375
0 0.47421875 0.6015625 0.0203125 0.028125
0 0.453125 0.603125 0.021875 0.03125
0 0.46328125 0.57890625 0.0203125 0.0203125
0 0.4421875 0.5796875 0.01875 0.028125
0 0.4171875 0.584375 0.021875 0.03125
0 0.4234375 0.5609375 0.021875 0.025
0 0.4421875 0.54609375 0.021875 0.0234375
0 0.4546875 0.5609375 0.021875 0.021875
0 0.40078125 0.7796875 0.0234375 0.034375
0 0.74765625 0.6078125 0.0265625 0.0375
0 0.4515625 0.75625 0.03125 0.0375