0 0.67109375 0.53828125 0.0140625 0.0296875
0 0.584375 0.475 0.015625 0.028125
0 0.5140625 0.49765625 0.015625 0.0296875
0 0.49453125 0.46953125 0.0171875 0.0265625
0 0.50546875 0.44765625 0.0171875 0.0296875
0 0.453125 0.48359375 0.01875 0.0265625
0 0.43671875 0.46796875 0.0171875 0.0296875
0 0.4140625 0.4796875 0.01875 0.034375
0 0.31953125 0.72109375 0.0140625 0.0234375
0 0.40625 0.79140625 0.0125 0.0234375
0 0.4515625 0.83828125 0.0125 0.0203125
0 0.50390625 0.83359375 0.0140625 0.0234375
0 0.55234375 0.82734375 0.0109375 0.0171875
0 0.56640625 0.8421875 0.0109375 0.01875
0 0.49375 0.32578125 0.01875 0.0359375
0 0.6015625 0.3546875 0.01875 0.03125
0 0.52578125 0.48671875 0.0171875 0.0265625
0 0.4578125 0.50859375 0.015625 0.0265625