0 0.46015625 0.16796875 0.0109375 0.0203125
0 0.509375 0.309375 0.0125 0.025
0 0.5140625 0.16640625 0.009375 0.0203125
0 0.5671875 0.16796875 0.0125 0.0171875
0 0.3484375 0.50625 0.01875 0.03125
0 0.47265625 0.590625 0.0171875 0.028125
0 0.51015625 0.596875 0.0171875 0.03125
0 0.528125 0.6046875 0.01875 0.034375
0 0.740625 0.56953125 0.0125 0.0265625
0 0.565625 0.53125 0.01875 0.028125
0 0.54375 0.5234375 0.015625 0.03125
0 0.47578125 0.55234375 0.0171875 0.0265625
0 0.4921875 0.55234375 0.015625 0.0265625
0 0.509375 0.5515625 0.015625 0.028125
0 0.48515625 0.53515625 0.0171875 0.0234375
0 0.5015625 0.53671875 0.015625 0.0234375
0 0.49375 0.52109375 0.015625 0.0203125
0 0.509375 0.51796875 0.015625 0.0234375
0 0.496875 0.50703125 0.015625 0.0234375
0 0.5015625 0.49296875 0.015625 0.0265625
0 0.496875 0.671875 0.01875 0.034375
0 0.4109375 0.79453125 0.021875 0.0359375