0 0.4171875 0.53046875 0.0078125 0.01875
0 0.396875 0.5359375 0.009375 0.01875
0 0.4078125 0.525 0.0078125 0.01875
0 0.4453125 0.45390625 0.00625 0.0140625
0 0.4328125 0.4375 0.0078125 0.015625
0 0.53203125 0.434375 0.0046875 0.0125
0 0.553125 0.44921875 0.0046875 0.009375
0 0.553125 0.4625 0.00625 0.0140625
0 0.56953125 0.47734375 0.00625 0.015625
0 0.4734375 0.44765625 0.0046875 0.0109375
0 0.471875 0.44375 0.00625 0.0125
0 0.51640625 0.42421875 0.0046875 0.0109375
0 0.409375 0.5125 0.0078125 0.015625
0 0.484375 0.48203125 0.00625 0.015625
2 0.434375 0.42109375 0.0125 0.0171875
2 0.55546875 0.421875 0.0125 0.0140625
2 0.58515625 0.48984375 0.01875 0.0171875
2 0.40390625 0.48984375 0.0171875 0.01875
2 0.33671875 0.6546875 0.03125 0.028125
2 0.65390625 0.6515625 0.03125 0.0375