0 0.51328125 0.553125 0.0109375 0.02421875
0 0.51484375 0.5171875 0.0078125 0.02109375
0 0.565625 0.49609375 0.00703125 0.01875
0 0.51328125 0.49765625 0.009375 0.0171875
0 0.51171875 0.45546875 0.0078125 0.015625
0 0.4875 0.39453125 0.00625 0.0125
0 0.51171875 0.39453125 0.00625 0.0125
0 0.53515625 0.3953125 0.00625 0.0125
2 0.3609375 0.59765625 0.028125 0.0265625
2 0.421875 0.43984375 0.01796875 0.01875
2 0.45078125 0.3734375 0.0125 0.015625
2 0.571875 0.371875 0.0125 0.01328125
2 0.60234375 0.43828125 0.0171875 0.0171875
2 0.671875 0.596875 0.03125 0.03671875