0 0.50859375 0.5828125 0.0109375 0.025
0 0.603125 0.584375 0.0109375 0.025
0 0.50703125 0.525 0.0109375 0.021875
0 0.5078125 0.465625 0.00625 0.0171875
0 0.4828125 0.4203125 0.00625 0.015625
0 0.50625 0.41953125 0.00625 0.0125
0 0.5296875 0.4203125 0.00625 0.015625
2 0.66953125 0.6328125 0.0296875 0.0359375
2 0.35234375 0.62890625 0.0265625 0.0296875
2 0.41640625 0.465625 0.0171875 0.021875
2 0.44609375 0.3984375 0.015625 0.01875
2 0.5671875 0.39765625 0.0125 0.0140625
2 0.5984375 0.465625 0.01875 0.0203125