2 0.671875 0.59765625 0.03046875 0.03125
2 0.36328125 0.59765625 0.028125 0.025
2 0.4234375 0.43828125 0.01875 0.021875
2 0.45234375 0.3734375 0.0125 0.0125
2 0.57265625 0.371875 0.015625 0.015625
2 0.60234375 0.43828125 0.0140625 0.0234375
0 0.51328125 0.55390625 0.009375 0.021875
0 0.4875 0.39375 0.00625 0.01171875
0 0.5109375 0.39453125 0.00390625 0.0125
0 0.534375 0.3953125 0.00546875 0.01015625
0 0.5328125 0.4875 0.00859375 0.01875
0 0.51328125 0.496875 0.0078125 0.01796875
0 0.54765625 0.49765625 0.0078125 0.01875
0 0.56484375 0.496875 0.0078125 0.01875
0 0.51328125 0.50703125 0.0078125 0.015625
0 0.51484375 0.51796875 0.0078125 0.01875
0 0.45625 0.5 0.00703125 0.01875