0 0.4453125 0.5171875 0.00859375 0.01875
0 0.49375 0.5171875 0.00703125 0.02109375
0 0.4609375 0.546875 0.009375 0.021875
0 0.49453125 0.575 0.0078125 0.021875
0 0.49296875 0.45703125 0.0078125 0.01875
0 0.46953125 0.41171875 0.00625 0.0171875
0 0.49375 0.4109375 0.00625 0.01875
0 0.5171875 0.4125 0.00625 0.015625
2 0.65234375 0.62109375 0.03125 0.0390625
2 0.584375 0.45703125 0.01796875 0.028125
2 0.553125 0.38828125 0.01171875 0.0171875
2 0.4328125 0.3875 0.01015625 0.015625
2 0.40234375 0.45546875 0.0171875 0.01875
2 0.334375 0.6234375 0.03125 0.028125