2 0.65625 0.64375 0.03203125 0.03671875
2 0.3421875 0.63984375 0.03125 0.025
2 0.40703125 0.47578125 0.015625 0.0203125
2 0.43828125 0.41328125 0.015625 0.0125
2 0.55703125 0.41484375 0.0171875 0.0125
2 0.58984375 0.48046875 0.01875 0.0203125
0 0.45546875 0.571875 0.009375 0.01953125
0 0.5 0.596875 0.009375 0.01953125
0 0.49921875 0.58125 0.0109375 0.01953125
0 0.45546875 0.5359375 0.0078125 0.01875
0 0.4703125 0.53671875 0.00859375 0.01875
0 0.48515625 0.53828125 0.009375 0.0203125
0 0.49921875 0.56015625 0.009375 0.01875
0 0.5140625 0.53828125 0.00859375 0.0203125
0 0.52734375 0.53828125 0.0078125 0.0203125
0 0.53984375 0.53828125 0.0078125 0.01875
0 0.49921875 0.55 0.009375 0.015625
0 0.49921875 0.5375 0.009375 0.01796875