2 0.36953125 0.6671875 0.0296875 0.0265625
2 0.42890625 0.5078125 0.0171875 0.0203125
2 0.4578125 0.44140625 0.015625 0.0171875
2 0.57734375 0.44140625 0.0171875 0.015625
2 0.60859375 0.50625 0.01875 0.0203125
2 0.68046875 0.66640625 0.034375 0.0390625
0 0.46484375 0.4421875 0.0046875 0.0109375
0 0.46875 0.45625 0.00625 0.0109375
0 0.44453125 0.52109375 0.0078125 0.015625
0 0.59765625 0.6171875 0.009375 0.025
0 0.48046875 0.62109375 0.009375 0.025
0 0.44375 0.65625 0.0125 0.021875
0 0.46875 0.50703125 0.00625 0.015625
0 0.5171875 0.4640625 0.0046875 0.0140625
0 0.540625 0.4640625 0.0046875 0.0125
0 0.41328125 0.6515625 0.0109375 0.0234375
0 0.5203125 0.565625 0.0078125 0.0203125
0 0.521875 0.621875 0.009375 0.0203125