2 0.3625 0.5984375 0.0265625 0.0265625
2 0.67109375 0.59921875 0.034375 0.0328125
2 0.60390625 0.4390625 0.015625 0.0203125
2 0.57265625 0.371875 0.0125 0.0125
2 0.45078125 0.37421875 0.0140625 0.015625
0 0.5140625 0.5421875 0.009375 0.0203125
0 0.51328125 0.5265625 0.009375 0.0171875
0 0.51484375 0.51796875 0.0078125 0.0171875
0 0.51328125 0.50625 0.009375 0.0171875
0 0.53359375 0.496875 0.0078125 0.01875
0 0.54765625 0.496875 0.0078125 0.0171875
0 0.565625 0.496875 0.0078125 0.01875
0 0.45625 0.49921875 0.009375 0.0203125
0 0.46640625 0.49375 0.0078125 0.0171875
0 0.4875 0.39453125 0.00625 0.0109375
0 0.51171875 0.39453125 0.00625 0.0125
0 0.534375 0.3953125 0.0046875 0.0125