2 0.3375 0.63828125 0.02578125 0.028125
2 0.65234375 0.63125 0.03125 0.03671875
2 0.58671875 0.4703125 0.01875 0.01875
2 0.56015625 0.40390625 0.0171875 0.0171875
2 0.4390625 0.40390625 0.01484375 0.015625
2 0.40546875 0.47265625 0.0171875 0.01875
0 0.49453125 0.5875 0.009375 0.01953125
0 0.496875 0.471875 0.00703125 0.015625
0 0.45 0.4515625 0.00625 0.0125
0 0.53125 0.44765625 0.00703125 0.015625
0 0.4984375 0.44453125 0.00625 0.0140625
0 0.52109375 0.42734375 0.00625 0.0125
0 0.49765625 0.4265625 0.00625 0.0125
0 0.475 0.4265625 0.00625 0.0125