0 0.4546875 0.57109375 0.009375 0.0203125
0 0.5 0.59609375 0.0109375 0.0203125
0 0.4984375 0.58203125 0.009375 0.01875
0 0.49921875 0.559375 0.009375 0.015625
0 0.45546875 0.5359375 0.009375 0.0203125
0 0.4703125 0.5359375 0.009375 0.0203125
0 0.484375 0.5375 0.0078125 0.0203125
0 0.5140625 0.53828125 0.009375 0.0203125
0 0.52734375 0.5390625 0.0078125 0.0203125
0 0.53984375 0.5390625 0.0078125 0.015625
0 0.49921875 0.55 0.0078125 0.015625
0 0.49921875 0.5375 0.0078125 0.0171875
2 0.3421875 0.63984375 0.028125 0.028125
2 0.40625 0.4765625 0.015625 0.0203125
2 0.43828125 0.41171875 0.0140625 0.0171875
2 0.5578125 0.4140625 0.015625 0.015625
2 0.5890625 0.48046875 0.0203125 0.021875
2 0.65703125 0.64609375 0.0328125 0.03125