2 0.36171875 0.59921875 0.025 0.0234375
2 0.421875 0.43984375 0.015625 0.0203125
2 0.45078125 0.3734375 0.0125 0.015625
2 0.571875 0.3734375 0.01328125 0.0125
2 0.603125 0.4375 0.01875 0.01953125
2 0.671875 0.59921875 0.03203125 0.0328125
0 0.51328125 0.55390625 0.009375 0.0203125
0 0.5328125 0.48828125 0.00859375 0.0171875
0 0.45625 0.49921875 0.009375 0.0203125
0 0.51484375 0.51796875 0.0078125 0.01875
0 0.5484375 0.496875 0.00859375 0.01875
0 0.565625 0.49609375 0.00703125 0.0171875
0 0.51328125 0.50703125 0.009375 0.015625
0 0.51328125 0.49609375 0.0078125 0.0171875
0 0.4875 0.39453125 0.00625 0.0125
0 0.5109375 0.39453125 0.00625 0.0125
0 0.53515625 0.39375 0.00625 0.0125