2 0.3609375 0.59921875 0.028125 0.028125
2 0.421875 0.4390625 0.0171875 0.01875
2 0.4515625 0.37421875 0.0140625 0.015625
2 0.571875 0.371875 0.015625 0.015625
2 0.60234375 0.4390625 0.0171875 0.0203125
2 0.67265625 0.6 0.03125 0.0359375
0 0.5640625 0.5265625 0.009375 0.0203125
0 0.51328125 0.55390625 0.009375 0.0203125
0 0.51484375 0.5171875 0.0078125 0.01875
0 0.51328125 0.49609375 0.009375 0.01875
0 0.4875 0.39453125 0.00625 0.0125
0 0.51171875 0.39453125 0.0046875 0.0125
0 0.534375 0.39453125 0.00625 0.0125