2 0.36171875 0.5984375 0.025 0.0265625
2 0.671875 0.6 0.0328125 0.0328125
2 0.60390625 0.43984375 0.01875 0.021875
2 0.57265625 0.37109375 0.0125 0.015625
2 0.42265625 0.4390625 0.015625 0.0203125
0 0.56484375 0.496875 0.0078125 0.01875
0 0.51484375 0.5171875 0.0078125 0.0203125
0 0.51328125 0.55390625 0.009375 0.021875
0 0.51328125 0.496875 0.0078125 0.01875
0 0.51171875 0.45390625 0.0078125 0.015625
0 0.4875 0.39375 0.00625 0.0125
0 0.5109375 0.39453125 0.0046875 0.0125
0 0.534375 0.3953125 0.0046875 0.0109375