0 0.50859375 0.584375 0.009375 0.025
0 0.50703125 0.525 0.0078125 0.0203125
0 0.50703125 0.465625 0.00625 0.0203125
0 0.48359375 0.4203125 0.00625 0.015625
0 0.50703125 0.4203125 0.0046875 0.0125
0 0.5296875 0.4203125 0.00625 0.015625
0 0.56015625 0.46015625 0.0078125 0.01875
2 0.415625 0.4640625 0.0140625 0.0171875
2 0.3515625 0.6296875 0.0265625 0.028125
2 0.4453125 0.396875 0.0140625 0.0171875
2 0.5671875 0.39765625 0.0140625 0.0140625
2 0.59765625 0.46484375 0.01875 0.021875
2 0.66875 0.63046875 0.03125 0.0359375