2 0.23125 0.29609375 0.021875 0.0296875
2 0.765625 0.28203125 0.0265625 0.0296875
2 0.96796875 0.67578125 0.0515625 0.059375
0 0.7078125 0.5890625 0.01875 0.0296875
0 0.2609375 0.5796875 0.01875 0.03125
0 0.28359375 0.5015625 0.015625 0.0265625
0 0.27265625 0.54140625 0.0171875 0.03125
0 0.5484375 0.62265625 0.0171875 0.0328125
0 0.5734375 0.603125 0.015625 0.03125
0 0.78046875 0.32578125 0.0125 0.0234375
0 0.6078125 0.36484375 0.0125 0.021875
2 0.03515625 0.6984375 0.0515625 0.0625
0 0.7734375 0.4265625 0.0140625 0.0234375
0 0.3171875 0.38203125 0.0140625 0.0234375
2 0.4984375 0.284375 0.01875 0.0265625