2 0.23125 0.29609375 0.021875 0.0296875
2 0.49921875 0.2859375 0.01875 0.02734375
2 0.765625 0.28203125 0.02578125 0.0296875
2 0.96796875 0.67578125 0.0515625 0.059375
2 0.5015625 0.69453125 0.028125 0.034375
2 0.03515625 0.69921875 0.053125 0.0703125
0 0.28984375 0.4578125 0.015625 0.02890625
0 0.30234375 0.43671875 0.015625 0.025
0 0.28359375 0.50234375 0.015625 0.03125
0 0.31796875 0.38203125 0.0140625 0.0234375
0 0.49921875 0.43359375 0.0140625 0.0265625
0 0.66640625 0.42890625 0.015625 0.0265625
0 0.7734375 0.4265625 0.01484375 0.02734375
0 0.71875 0.44921875 0.01328125 0.025
0 0.70859375 0.44375 0.0125 0.021875
0 0.715625 0.43671875 0.01171875 0.0203125
0 0.71171875 0.42578125 0.0125 0.01875
0 0.7046875 0.43046875 0.01015625 0.0171875
0 0.69765625 0.4390625 0.0125 0.021875
0 0.6875 0.43359375 0.01328125 0.0234375
0 0.67734375 0.42890625 0.0125 0.0234375
0 0.68515625 0.421875 0.0125 0.01875
0 0.69453125 0.42578125 0.0109375 0.0171875
0 0.69140625 0.41640625 0.0125 0.01875
0 0.70078125 0.42109375 0.009375 0.015625
0 0.709375 0.415625 0.0125 0.01875
0 0.6984375 0.409375 0.0125 0.01875
0 0.70546875 0.4046875 0.0125 0.01640625