2 0.23125 0.29609375 0.021875 0.0296875
2 0.49921875 0.2859375 0.01875 0.0265625
2 0.765625 0.28203125 0.0265625 0.0296875
2 0.96796875 0.67578125 0.0515625 0.059375
0 0.85625 0.4890625 0.01875 0.0296875
0 0.2609375 0.5796875 0.01875 0.03125
0 0.31953125 0.509375 0.015625 0.03125
0 0.27265625 0.54140625 0.0171875 0.03125
0 0.65859375 0.4140625 0.015625 0.0265625
0 0.2765625 0.50625 0.015625 0.0265625
0 0.7703125 0.4046875 0.0125 0.021875
0 0.67890625 0.43828125 0.0125 0.0234375
0 0.67890625 0.40234375 0.0125 0.0234375
0 0.74921875 0.378125 0.0125 0.021875
0 0.684375 0.428125 0.0125 0.0203125
2 0.03515625 0.6984375 0.0515625 0.0625
0 0.3171875 0.38203125 0.0140625 0.0234375
0 0.7734375 0.4265625 0.0140625 0.0234375