2 0.23125 0.29609375 0.021875 0.0296875
2 0.49921875 0.2859375 0.01875 0.0265625
2 0.765625 0.28203125 0.0265625 0.0296875
2 0.96796875 0.67578125 0.0515625 0.059375
2 0.03515625 0.69921875 0.053125 0.0703125
0 0.821875 0.503125 0.0234375 0.0390625
0 0.240625 0.61875 0.01875 0.03125
0 0.28359375 0.50234375 0.015625 0.03125
0 0.30546875 0.3875 0.0140625 0.0234375
0 0.2640625 0.5671875 0.015625 0.03125
0 0.6578125 0.43046875 0.015625 0.0265625
0 0.9046875 0.628125 0.021875 0.0359375
0 0.70859375 0.44375 0.0125 0.021875
0 0.6859375 0.33046875 0.0140625 0.0234375
0 0.7046875 0.43046875 0.0109375 0.0171875
0 0.69765625 0.4390625 0.0125 0.021875
0 0.6875 0.43359375 0.0140625 0.0234375
0 0.675 0.4390625 0.0125 0.0234375
0 0.68359375 0.4203125 0.0125 0.01875
0 0.69453125 0.42578125 0.0109375 0.0171875
0 0.7046875 0.41015625 0.0125 0.021875
0 0.72578125 0.40703125 0.0125 0.0234375
0 0.35859375 0.31953125 0.015625 0.025
2 0.5015625 0.6953125 0.025 0.034375