2 0.23125 0.29609375 0.021875 0.0296875
2 0.49921875 0.2859375 0.01875 0.02734375
2 0.765625 0.28203125 0.02578125 0.0296875
2 0.96796875 0.67578125 0.0515625 0.059375
0 0.7078125 0.3890625 0.015625 0.02734375
0 0.2609375 0.5796875 0.01875 0.03125
0 0.31953125 0.509375 0.015625 0.03125
0 0.27265625 0.54140625 0.0171875 0.03125
0 0.65859375 0.4140625 0.015625 0.02734375
0 0.2765625 0.50625 0.015625 0.02578125
0 0.7703125 0.4046875 0.0125 0.021875
0 0.82109375 0.4703125 0.0171875 0.028125
0 0.78046875 0.32578125 0.0125 0.0234375
0 0.74921875 0.378125 0.0125 0.021875
2 0.03515625 0.6984375 0.0515625 0.0625
0 0.7734375 0.4265625 0.01484375 0.02265625
2 0.50078125 0.69609375 0.025 0.0359375
0 0.3171875 0.38203125 0.01484375 0.0234375