2 0.23125 0.29609375 0.021875 0.0296875
2 0.765625 0.28203125 0.0265625 0.0296875
2 0.96796875 0.67578125 0.0515625 0.059375
0 0.60546875 0.51796875 0.0171875 0.028125
0 0.2609375 0.5796875 0.01875 0.03125
0 0.28359375 0.5015625 0.015625 0.0265625
0 0.27265625 0.54140625 0.0171875 0.03125
0 0.5484375 0.62265625 0.0171875 0.0328125
0 0.45625 0.3125 0.0140625 0.0234375
0 0.84453125 0.546875 0.01875 0.03125
2 0.03515625 0.6984375 0.0515625 0.0625
0 0.3171875 0.38203125 0.0140625 0.0234375
2 0.4984375 0.284375 0.01875 0.0265625
2 0.50078125 0.69609375 0.0265625 0.034375
0 0.77265625 0.4265625 0.015625 0.028125