0 0.34296875 0.4546875 0.0109375 0.021875
0 0.3546875 0.44609375 0.0125 0.0203125
0 0.4984375 0.45390625 0.0125 0.0234375
0 0.3765625 0.58125 0.015625 0.028125
0 0.4890625 0.50625 0.0125 0.021875
0 0.49609375 0.51640625 0.0140625 0.0265625
0 0.60859375 0.6796875 0.0203125 0.0375
0 0.58984375 0.75234375 0.0203125 0.0390625
0 0.56875 0.82890625 0.025 0.0453125
0 0.71953125 0.76953125 0.0234375 0.0421875
0 0.784375 0.77890625 0.021875 0.0390625
0 0.82421875 0.7359375 0.0203125 0.040625
0 0.89453125 0.7 0.0203125 0.0375
0 0.82265625 0.70703125 0.0234375 0.0359375
0 0.7359375 0.6828125 0.01875 0.034375
0 0.76171875 0.6765625 0.0171875 0.034375
0 0.68984375 0.6328125 0.0203125 0.03125
0 0.69609375 0.6140625 0.0203125 0.028125
0 0.64765625 0.60859375 0.0203125 0.0265625
0 0.65078125 0.5921875 0.0140625 0.028125
0 0.9734375 0.68203125 0.01875 0.0328125
0 0.9796875 0.66875 0.021875 0.03125