0 0.25625 0.27421875 0.009375 0.0234375
0 0.309375 0.27109375 0.0125 0.0203125
0 0.359375 0.26796875 0.0125 0.0171875
0 0.3109375 0.38984375 0.015625 0.0265625
0 0.3609375 0.46015625 0.015625 0.0328125
0 0.44921875 0.41171875 0.0140625 0.0296875
0 0.48203125 0.4140625 0.0140625 0.025
0 0.50234375 0.3953125 0.0140625 0.025
0 0.51796875 0.42265625 0.0140625 0.0328125
0 0.48203125 0.4765625 0.0171875 0.03125
0 0.4703125 0.5890625 0.01875 0.040625
0 0.42265625 0.5125 0.0203125 0.034375
0 0.41875 0.40625 0.015625 0.025
0 0.55703125 0.51875 0.0171875 0.034375
0 0.6265625 0.43984375 0.01875 0.0296875
0 0.640625 0.41484375 0.015625 0.0265625
0 0.68125 0.5390625 0.01875 0.034375
0 0.63046875 0.56328125 0.0234375 0.0234375