0 0.2296875 0.2984375 0.0109375 0.01875
0 0.73515625 0.503125 0.0125 0.0234375
0 0.7375 0.5765625 0.015625 0.0265625
0 0.44375 0.51875 0.0125 0.0234375
0 0.68125 0.41328125 0.0109375 0.0203125
0 0.703125 0.43046875 0.0109375 0.0203125
0 0.69296875 0.42578125 0.0109375 0.0203125
0 0.684375 0.403125 0.0125 0.0203125
0 0.69765625 0.40625 0.0109375 0.0140625
0 0.70078125 0.415625 0.009375 0.0109375
0 0.7078125 0.4125 0.0109375 0.0203125
0 0.70859375 0.39921875 0.009375 0.0078125
0 0.771875 0.42421875 0.0125 0.021875
0 0.6234375 0.4234375 0.0125 0.0203125
0 0.57734375 0.34921875 0.0109375 0.0203125
0 0.1484375 0.58671875 0.0171875 0.0234375
0 0.3015625 0.43671875 0.0109375 0.01875
0 0.28359375 0.5015625 0.0140625 0.021875