0 0.74921875 0.35078125 0.0125 0.021875
0 0.85078125 0.484375 0.0171875 0.021875
0 0.853125 0.4703125 0.015625 0.01875
0 0.6203125 0.43203125 0.0109375 0.0203125
0 0.79765625 0.446875 0.0140625 0.021875
0 0.59296875 0.48359375 0.0125 0.021875
0 0.60078125 0.62734375 0.0125 0.025
0 0.67734375 0.45859375 0.0125 0.021875
0 0.471875 0.31171875 0.0109375 0.015625
0 0.76640625 0.27890625 0.0109375 0.0171875
0 0.14765625 0.58828125 0.0171875 0.025
0 0.68515625 0.40625 0.0109375 0.0203125
0 0.2828125 0.5015625 0.0140625 0.021875