0 0.7265625 0.35 0.0125 0.01953125
0 0.88515625 0.54453125 0.0171875 0.0234375
0 0.853125 0.51953125 0.015625 0.0234375
0 0.64140625 0.38046875 0.0109375 0.0203125
0 0.6203125 0.43203125 0.01015625 0.0203125
0 0.915625 0.6234375 0.01875 0.025
0 0.80390625 0.453125 0.0125 0.021875
0 0.48125 0.33828125 0.01171875 0.01875
0 0.69765625 0.41328125 0.0125 0.021875
0 0.60078125 0.62734375 0.0125 0.025
0 0.771875 0.42421875 0.0125 0.021875
0 0.471875 0.31171875 0.009375 0.015625
0 0.57734375 0.34921875 0.0109375 0.0203125
0 0.14765625 0.58828125 0.0171875 0.025
0 0.3015625 0.43671875 0.01015625 0.01875
0 0.2828125 0.5015625 0.01484375 0.021875
0 0.8765625 0.615625 0.01875 0.028125