0 0.77890625 0.5890625 0.015625 0.028125
0 0.90859375 0.61328125 0.0171875 0.0265625
0 0.77578125 0.45078125 0.0125 0.01875
0 0.721875 0.43984375 0.0109375 0.0203125
0 0.70703125 0.446875 0.0125 0.0234375
0 0.69609375 0.43671875 0.0109375 0.01875
0 0.6859375 0.43359375 0.0109375 0.0203125
0 0.675 0.4265625 0.0109375 0.0203125
0 0.6828125 0.41640625 0.0078125 0.0140625
0 0.70234375 0.428125 0.0078125 0.015625
0 0.6921875 0.42109375 0.0109375 0.0109375
0 0.684375 0.403125 0.0125 0.0203125
0 0.69609375 0.40625 0.0078125 0.0140625
0 0.70078125 0.415625 0.009375 0.0109375
0 0.7078125 0.4125 0.0109375 0.0203125
0 0.70859375 0.39921875 0.009375 0.0078125
0 0.77265625 0.42421875 0.0125 0.021875
0 0.665625 0.4265625 0.0125 0.0203125
0 0.4984375 0.43203125 0.0109375 0.0203125
0 0.31640625 0.38125 0.0109375 0.0203125
0 0.3015625 0.43671875 0.0109375 0.01875
0 0.28359375 0.5015625 0.0140625 0.021875