0 0.765625 0.30234375 0.0109375 0.0171875
0 0.77578125 0.45078125 0.0125 0.01875
0 0.73203125 0.4109375 0.0125 0.0203125
0 0.71796875 0.434375 0.0125 0.021875
0 0.69453125 0.43828125 0.0109375 0.01875
0 0.76171875 0.284375 0.009375 0.015625
0 0.66796875 0.4515625 0.0125 0.021875
0 0.6828125 0.41640625 0.0078125 0.0140625
0 0.703125 0.43046875 0.0109375 0.0203125
0 0.69296875 0.4234375 0.0109375 0.015625
0 0.684375 0.403125 0.0125 0.0203125
0 0.69765625 0.40625 0.0109375 0.0140625
0 0.70078125 0.415625 0.009375 0.0109375
0 0.7078125 0.4125 0.0109375 0.0203125
0 0.70859375 0.39921875 0.009375 0.0078125
0 0.77265625 0.42421875 0.0125 0.021875
0 0.6234375 0.4234375 0.0125 0.0203125
0 0.4984375 0.43203125 0.0109375 0.0203125
0 0.31640625 0.38125 0.0109375 0.0203125
0 0.3015625 0.43671875 0.0109375 0.01875
0 0.28359375 0.5015625 0.0140625 0.021875