0 0.85859375 0.59453125 0.01875 0.0265625
0 0.878125 0.615625 0.01953125 0.03046875
0 0.6203125 0.43203125 0.01015625 0.0203125
0 0.60078125 0.6265625 0.0125 0.02734375
0 0.7984375 0.44609375 0.0125 0.021875
0 0.59375 0.484375 0.0125 0.02421875
0 0.678125 0.459375 0.0125 0.021875
0 0.471875 0.3125 0.01171875 0.01953125
0 0.7578125 0.35078125 0.01015625 0.01875
0 0.146875 0.58671875 0.015625 0.0234375
0 0.68515625 0.40625 0.0125 0.01953125
0 0.2828125 0.5015625 0.01484375 0.021875
0 0.88203125 0.54296875 0.015625 0.025
0 0.85390625 0.47734375 0.0140625 0.021875