0 0.49609375 0.28828125 0.0109375 0.015625
0 0.75625 0.403125 0.0125 0.0203125
0 0.6234375 0.3421875 0.0109375 0.0203125
0 0.60078125 0.6265625 0.0125 0.0265625
0 0.7921875 0.4109375 0.0140625 0.021875
0 0.60078125 0.365625 0.0125 0.0203125
0 0.678125 0.459375 0.0125 0.021875
0 0.471875 0.3125 0.0109375 0.0203125
0 0.4984375 0.43046875 0.0109375 0.0203125
0 0.146875 0.58671875 0.015625 0.0234375
0 0.68515625 0.40625 0.0125 0.0203125
0 0.2828125 0.5015625 0.0140625 0.021875
0 0.6375 0.37890625 0.0125 0.0203125