0 0.88671875 0.559375 0.0171875 0.0265625
0 0.93359375 0.65078125 0.0203125 0.0203125
0 0.6203125 0.43203125 0.0109375 0.0203125
0 0.60078125 0.6265625 0.0125 0.0265625
0 0.7984375 0.44609375 0.0125 0.021875
0 0.59375 0.484375 0.0125 0.0234375
0 0.678125 0.459375 0.0125 0.021875
0 0.471875 0.3125 0.0109375 0.0203125
0 0.7578125 0.35078125 0.0109375 0.01875
0 0.146875 0.58671875 0.015625 0.0234375
0 0.68515625 0.40625 0.0125 0.0203125
0 0.2828125 0.5015625 0.0140625 0.021875
0 0.88203125 0.54296875 0.015625 0.025
0 0.85390625 0.47734375 0.0140625 0.021875