0 0.3921875 0.65078125 0.015625 0.028125
0 0.6203125 0.43125 0.01015625 0.021875
0 0.503125 0.68359375 0.015625 0.0296875
0 0.7984375 0.44609375 0.0125 0.021875
0 0.59375 0.48515625 0.0125 0.021875
0 0.678125 0.459375 0.0125 0.021875
0 0.47109375 0.31171875 0.0109375 0.01875
0 0.75703125 0.34921875 0.0109375 0.01875
0 0.14765625 0.58828125 0.0140625 0.025
0 0.30078125 0.4359375 0.0125 0.02109375
0 0.2828125 0.5015625 0.01484375 0.021875
0 0.60078125 0.6265625 0.0125 0.02734375
0 0.8734375 0.61171875 0.01875 0.028125
0 0.88359375 0.54375 0.015625 0.025
0 0.8546875 0.47890625 0.01484375 0.021875