0 0.7546875 0.32578125 0.0125 0.01875
0 0.8359375 0.46875 0.01484375 0.021875
0 0.79296875 0.41015625 0.0109375 0.0203125
0 0.6375 0.37890625 0.01171875 0.0203125
0 0.478125 0.31796875 0.009375 0.015625
0 0.6015625 0.365625 0.01015625 0.01953125
0 0.60078125 0.62734375 0.0125 0.025
0 0.67734375 0.45859375 0.0125 0.021875
0 0.471875 0.31171875 0.01171875 0.015625
0 0.49765625 0.43046875 0.0109375 0.0203125
0 0.14765625 0.58828125 0.0171875 0.025
0 0.81328125 0.61171875 0.015625 0.028125
0 0.2828125 0.5015625 0.01484375 0.021875