0 0.50390625 0.28984375 0.0109375 0.015625
0 0.75546875 0.40234375 0.0125 0.0203125
0 0.79296875 0.40859375 0.0109375 0.0171875
0 0.6375 0.37890625 0.01171875 0.0203125
0 0.6234375 0.34140625 0.01015625 0.0171875
0 0.6015625 0.365625 0.01015625 0.01953125
0 0.60078125 0.62734375 0.0125 0.025
0 0.67734375 0.45859375 0.0125 0.021875
0 0.471875 0.31171875 0.01171875 0.015625
0 0.49765625 0.43046875 0.0109375 0.0203125
0 0.14765625 0.58828125 0.0171875 0.025
0 0.68515625 0.40625 0.0109375 0.01953125
0 0.2828125 0.5015625 0.01484375 0.021875