0 0.7546875 0.3265625 0.0125 0.021875
0 0.83515625 0.46796875 0.015625 0.0234375
0 0.6375 0.38046875 0.0109375 0.0203125
0 0.60078125 0.365625 0.0109375 0.0203125
0 0.7921875 0.4109375 0.0125 0.021875
0 0.496875 0.290625 0.0109375 0.0140625
0 0.60078125 0.62734375 0.0125 0.025
0 0.678125 0.459375 0.0125 0.021875
0 0.4671875 0.30859375 0.0109375 0.0171875
0 0.49765625 0.43125 0.0109375 0.021875
0 0.14765625 0.58828125 0.0171875 0.025
0 0.81328125 0.61171875 0.015625 0.0265625
0 0.2828125 0.5015625 0.0140625 0.021875