0 0.33515625 0.36875 0.0125 0.0203125
0 0.8765625 0.54296875 0.0171875 0.01875
0 0.859375 0.5421875 0.015625 0.0265625
0 0.3171875 0.40546875 0.0125 0.0234375
0 0.64140625 0.38046875 0.0109375 0.0203125
0 0.6203125 0.43203125 0.0109375 0.0203125
0 0.6171875 0.390625 0.0109375 0.0203125
0 0.80390625 0.453125 0.0125 0.021875
0 0.48125 0.33828125 0.0109375 0.01875
0 0.69765625 0.41328125 0.0125 0.021875
0 0.234375 0.31640625 0.0140625 0.0203125
0 0.771875 0.42421875 0.0125 0.021875
0 0.47109375 0.3125 0.0125 0.0203125
0 0.57734375 0.34921875 0.0109375 0.0203125
0 0.1484375 0.58671875 0.0171875 0.0234375
0 0.3015625 0.43671875 0.0109375 0.01875
0 0.28359375 0.5015625 0.0140625 0.021875