0 0.68046875 0.42578125 0.0125 0.021875
0 0.8859375 0.5453125 0.01640625 0.021875
0 0.853125 0.478125 0.015625 0.02421875
0 0.909375 0.62578125 0.02421875 0.034375
0 0.6203125 0.43203125 0.01015625 0.0203125
0 0.79765625 0.446875 0.0140625 0.021875
0 0.48125 0.33828125 0.01171875 0.01875
0 0.59296875 0.48359375 0.0125 0.021875
0 0.60078125 0.62734375 0.0125 0.025
0 0.771875 0.42421875 0.0125 0.021875
0 0.471875 0.31171875 0.01171875 0.015625
0 0.75703125 0.3484375 0.0109375 0.02109375
0 0.14765625 0.58828125 0.0171875 0.025
0 0.3015625 0.43671875 0.01015625 0.01875
0 0.2828125 0.5015625 0.01484375 0.021875
0 0.8765625 0.61640625 0.01875 0.028125