1 0.503125 0.56953125 0.672265625 0.8609375
0 0.46953125 0.57890625 0.023046875 0.040625
0 0.453125 0.67734375 0.025390625 0.0453125
0 0.3859375 0.4515625 0.02109375 0.03515625
0 0.30859375 0.81484375 0.026953125 0.044921875
0 0.5015625 0.50390625 0.021484375 0.0375
0 0.44453125 0.5859375 0.023046875 0.040234375
0 0.328125 0.7796875 0.02578125 0.05
0 0.35625 0.8015625 0.025390625 0.0375
0 0.45703125 0.475 0.0203125 0.022265625
0 0.45625 0.5015625 0.021484375 0.03984375
0 0.4734375 0.1890625 0.015625 0.027734375
0 0.471875 0.5375 0.021875 0.0375
0 0.6171875 0.665625 0.025 0.046484375
0 0.5546875 0.396875 0.018359375 0.03671875