1 0.5015625 0.56953125 0.67265625 0.86015625
0 0.4453125 0.56484375 0.02109375 0.02578125
0 0.440625 0.23046875 0.01484375 0.0265625
0 0.41640625 0.59921875 0.02265625 0.03984375
0 0.43984375 0.59296875 0.02109375 0.03984375
0 0.44296875 0.509375 0.01953125 0.02421875
0 0.4359375 0.52890625 0.0203125 0.025
0 0.4578125 0.5234375 0.01875 0.02265625
0 0.4296875 0.54765625 0.01953125 0.0234375
0 0.45078125 0.5453125 0.02109375 0.0265625
0 0.47265625 0.5390625 0.02109375 0.0234375
0 0.4234375 0.5703125 0.02109375 0.0265625
0 0.4671875 0.559375 0.02109375 0.021875
0 0.46171875 0.58828125 0.021875 0.03984375
0 0.484375 0.5828125 0.021875 0.0390625
0 0.50546875 0.5765625 0.02109375 0.0375
0 0.4890625 0.55234375 0.01953125 0.02265625