1 0.5140625 0.5734375 0.675390625 0.84140625
0 0.4 0.54921875 0.02421875 0.040625
0 0.57421875 0.4875 0.020703125 0.037109375
0 0.27578125 0.325 0.0171875 0.028125
0 0.34609375 0.6015625 0.023828125 0.041015625
0 0.403125 0.41640625 0.019140625 0.0265625
0 0.43984375 0.653125 0.023046875 0.04296875
0 0.40234375 0.4390625 0.019921875 0.03359375
0 0.49921875 0.396875 0.0171875 0.033984375
0 0.47109375 0.615625 0.0234375 0.041015625
0 0.296875 0.4578125 0.03125 0.03515625
0 0.265625 0.45703125 0.01953125 0.035546875
0 0.6953125 0.6 0.022265625 0.040625