0 0.33203125 0.44296875 0.0203125 0.035546875
0 0.4015625 0.39140625 0.018359375 0.030078125
0 0.540625 0.4046875 0.01796875 0.031640625
0 0.4359375 0.4796875 0.019140625 0.034765625
0 0.38515625 0.4640625 0.019921875 0.0375
0 0.33671875 0.55078125 0.023828125 0.0421875
0 0.3328125 0.69375 0.02734375 0.047265625
0 0.415625 0.5484375 0.021484375 0.037890625
0 0.47109375 0.58515625 0.020703125 0.040625
0 0.54140625 0.5109375 0.01875 0.03515625
0 0.49765625 0.70546875 0.023828125 0.0453125
0 0.41328125 0.7703125 0.025 0.034375
0 0.5828125 0.57421875 0.021484375 0.0390625
0 0.55703125 0.49375 0.023046875 0.03671875
0 0.57578125 0.46796875 0.017578125 0.0328125
0 0.65859375 0.5640625 0.020703125 0.040625
1 0.515625 0.565625 0.67578125 0.831640625