1 0.515625 0.565625 0.67578125 0.831640625
0 0.30234375 0.34296875 0.0171875 0.0296875
0 0.29609375 0.434375 0.020703125 0.033984375
0 0.40390625 0.43125 0.019921875 0.03125
0 0.41328125 0.41171875 0.019921875 0.0296875
0 0.44140625 0.35 0.016796875 0.03125
0 0.34609375 0.6 0.023046875 0.04296875
0 0.4 0.5484375 0.021484375 0.03515625
0 0.47109375 0.61484375 0.0234375 0.0390625
0 0.5171875 0.359375 0.01640625 0.028515625
0 0.31875 0.26484375 0.016015625 0.0296875
0 0.4390625 0.653125 0.02265625 0.043359375
0 0.57421875 0.48671875 0.0203125 0.035546875
0 0.5 0.396875 0.018359375 0.03203125
0 0.5671875 0.3953125 0.018359375 0.031640625
0 0.69453125 0.59921875 0.023046875 0.040625