1 0.55234375 0.5375 0.666796875 0.762890625
0 0.328125 0.2671875 0.015625 0.02890625
0 0.30234375 0.35546875 0.016796875 0.03125
0 0.340625 0.35390625 0.016015625 0.033203125
0 0.396875 0.60078125 0.021875 0.038671875
0 0.39453125 0.24375 0.0140625 0.027734375
0 0.45546875 0.5140625 0.01875 0.034375
0 0.47734375 0.54921875 0.019921875 0.0359375
0 0.47578125 0.49453125 0.017578125 0.033203125
0 0.51171875 0.5234375 0.0203125 0.040625
0 0.49765625 0.48671875 0.01875 0.034375
0 0.59375 0.40078125 0.016015625 0.029296875
0 0.5578125 0.4484375 0.01640625 0.031640625
0 0.6296875 0.6671875 0.022265625 0.03359375
0 0.60859375 0.5828125 0.0203125 0.037109375
0 0.67734375 0.63984375 0.0203125 0.038671875