1 0.55234375 0.5375 0.666796875 0.762890625
0 0.434375 0.27109375 0.015625 0.026953125
0 0.296875 0.3421875 0.016015625 0.03125
0 0.3625 0.3203125 0.016015625 0.030859375
0 0.39453125 0.60078125 0.021875 0.038671875
0 0.4609375 0.540625 0.01875 0.034375
0 0.47890625 0.55234375 0.019921875 0.0359375
0 0.47578125 0.49453125 0.017578125 0.033203125
0 0.5109375 0.521875 0.01875 0.037890625
0 0.49765625 0.48671875 0.01875 0.034375
0 0.59375 0.40078125 0.016015625 0.029296875
0 0.55546875 0.44765625 0.0171875 0.032421875
0 0.6296875 0.6671875 0.022265625 0.03359375
0 0.60859375 0.5828125 0.0203125 0.037109375
0 0.67734375 0.63984375 0.0203125 0.038671875