1 0.50234375 0.5703125 0.67265625 0.859375
0 0.45859375 0.50703125 0.021875 0.03671875
0 0.4734375 0.5640625 0.0234375 0.0375
0 0.590625 0.73203125 0.0265625 0.0328125
0 0.47421875 0.67890625 0.02421875 0.0453125
0 0.36328125 0.63828125 0.02421875 0.03828125
0 0.37421875 0.6640625 0.02578125 0.04453125
0 0.359375 0.52890625 0.021875 0.0375
0 0.41484375 0.50390625 0.0203125 0.03828125
0 0.61484375 0.54296875 0.021875 0.0390625
0 0.44296875 0.57265625 0.021875 0.03828125
0 0.47890625 0.528125 0.02265625 0.03671875
0 0.30625 0.45234375 0.02109375 0.03828125
0 0.2671875 0.44453125 0.021875 0.034375
0 0.51875 0.45390625 0.025 0.040625
0 0.35625 0.39609375 0.02109375 0.034375
0 0.4515625 0.5515625 0.0203125 0.03671875