1 0.55078125 0.5375 0.665625 0.766015625
0 0.5609375 0.5296875 0.021875 0.040234375
0 0.4984375 0.484375 0.021484375 0.033984375
0 0.43515625 0.271875 0.014453125 0.028125
0 0.55625 0.446875 0.018359375 0.034765625
0 0.63046875 0.66796875 0.0234375 0.034375
0 0.60078125 0.5265625 0.0203125 0.037109375
0 0.60859375 0.584375 0.021875 0.04296875
0 0.59296875 0.40234375 0.019921875 0.034375
0 0.36171875 0.3203125 0.0171875 0.028125
0 0.29609375 0.34296875 0.017578125 0.032421875
0 0.39453125 0.60078125 0.020703125 0.040625