1 0.50234375 0.56953125 0.673046875 0.860546875
0 0.453125 0.67734375 0.025 0.044921875
0 0.2734375 0.45390625 0.021484375 0.036328125
0 0.3859375 0.4515625 0.021484375 0.034765625
0 0.35625 0.8015625 0.027734375 0.03515625
0 0.50703125 0.3859375 0.017578125 0.031640625
0 0.45703125 0.48203125 0.0203125 0.036328125
0 0.465625 0.5703125 0.022265625 0.040625
0 0.4875 0.58046875 0.021484375 0.041796875
0 0.4796875 0.52421875 0.021875 0.038671875
0 0.44296875 0.57421875 0.0234375 0.040625
0 0.5546875 0.39453125 0.01875 0.0328125
0 0.47265625 0.1875 0.0140625 0.025390625
0 0.45078125 0.546875 0.023046875 0.025
0 0.328125 0.778125 0.02578125 0.05
0 0.31015625 0.8109375 0.028125 0.04140625