1 0.503125 0.56953125 0.672265625 0.8609375
0 0.46953125 0.57890625 0.023046875 0.040625
0 0.453125 0.67734375 0.025390625 0.045703125
0 0.3859375 0.4515625 0.02109375 0.03515625
0 0.30859375 0.81484375 0.026953125 0.044921875
0 0.5015625 0.50390625 0.021875 0.0375
0 0.61875 0.66484375 0.024609375 0.044921875
0 0.44453125 0.5859375 0.023046875 0.040234375
0 0.328125 0.7796875 0.02578125 0.05
0 0.35625 0.8015625 0.025390625 0.0375
0 0.4578125 0.4828125 0.021484375 0.037890625
0 0.4328125 0.55546875 0.02109375 0.033203125
0 0.4734375 0.1890625 0.015625 0.027734375
0 0.5546875 0.39609375 0.01875 0.035546875
0 0.471875 0.5375 0.021875 0.0375