1 0.5140625 0.5734375 0.67578125 0.8421875
0 0.4 0.54921875 0.0234375 0.040625
0 0.6953125 0.60078125 0.0234375 0.0421875
0 0.57421875 0.4875 0.02109375 0.03671875
0 0.27578125 0.325 0.0171875 0.028125
0 0.34609375 0.6015625 0.02421875 0.04140625
0 0.41328125 0.4125 0.01953125 0.0328125
0 0.43984375 0.653125 0.02265625 0.0421875
0 0.5671875 0.39609375 0.01953125 0.03359375
0 0.4046875 0.4328125 0.01953125 0.0328125
0 0.49921875 0.396875 0.0171875 0.03359375
0 0.47109375 0.615625 0.0234375 0.04140625
0 0.44140625 0.35234375 0.01640625 0.03125
0 0.265625 0.45703125 0.01953125 0.0359375
0 0.3625 0.29140625 0.015625 0.028125