1 0.503125 0.56953125 0.672265625 0.8609375
0 0.46953125 0.57890625 0.023046875 0.040625
0 0.453125 0.678125 0.025390625 0.047265625
0 0.3859375 0.4515625 0.02109375 0.03515625
0 0.30859375 0.81484375 0.026953125 0.044921875
0 0.50703125 0.5015625 0.020703125 0.0375
0 0.44453125 0.5859375 0.023046875 0.040234375
0 0.328125 0.7796875 0.02578125 0.05
0 0.35625 0.8015625 0.025390625 0.0375
0 0.57421875 0.62109375 0.021875 0.040625
0 0.4671875 0.18203125 0.012890625 0.026171875
0 0.471875 0.5375 0.021875 0.0375
0 0.6171875 0.665625 0.025 0.046484375
0 0.5546875 0.396875 0.018359375 0.03671875