1 0.50234375 0.56953125 0.673046875 0.860546875
0 0.453125 0.67734375 0.02578125 0.044921875
0 0.2734375 0.45390625 0.021484375 0.036328125
0 0.3859375 0.4515625 0.021484375 0.034765625
0 0.34453125 0.80625 0.026953125 0.03671875
0 0.4453125 0.3609375 0.01875 0.03359375
0 0.4578125 0.4859375 0.021875 0.0375
0 0.465625 0.5703125 0.022265625 0.040625
0 0.33046875 0.77890625 0.028125 0.051953125
0 0.4875 0.58046875 0.024609375 0.041796875
0 0.4796875 0.52421875 0.021875 0.038671875
0 0.44296875 0.57421875 0.0234375 0.040625
0 0.30546875 0.75390625 0.0265625 0.0515625
0 0.55546875 0.39921875 0.01875 0.0359375
0 0.47734375 0.18828125 0.0140625 0.026171875
0 0.45078125 0.546875 0.023046875 0.025