1 0.5140625 0.5734375 0.675390625 0.84140625
0 0.4 0.54921875 0.02421875 0.040625
0 0.6953125 0.60078125 0.02265625 0.0421875
0 0.57421875 0.4875 0.020703125 0.037109375
0 0.27578125 0.325 0.0171875 0.028125
0 0.34609375 0.6015625 0.023828125 0.041015625
0 0.41328125 0.4125 0.019921875 0.03203125
0 0.43984375 0.653125 0.023046875 0.04296875
0 0.5671875 0.39609375 0.019140625 0.033203125
0 0.4046875 0.4328125 0.019140625 0.03359375
0 0.49921875 0.396875 0.0171875 0.033984375
0 0.47109375 0.615625 0.0234375 0.041015625
0 0.440625 0.35078125 0.016015625 0.03125
0 0.265625 0.45703125 0.019140625 0.0359375
0 0.3921875 0.3296875 0.016015625 0.02890625