0 0.5671875 0.17890625 0.0125 0.0203125
0 0.54921875 0.5859375 0.0171875 0.02890625
0 0.33125 0.48515625 0.015625 0.0265625
0 0.49765625 0.1796875 0.0125 0.021875
0 0.4984375 0.36875 0.0125 0.025
0 0.5046875 0.5875 0.015625 0.02578125
0 0.26171875 0.76796875 0.025 0.0296875
0 0.7359375 0.60390625 0.015625 0.0265625
0 0.728125 0.44375 0.015625 0.02578125
0 0.49921875 0.71640625 0.0171875 0.028125
0 0.51015625 0.57421875 0.0140625 0.025
0 0.4828125 0.60625 0.015625 0.028125
0 0.490625 0.56484375 0.015625 0.028125
0 0.51875 0.553125 0.015625 0.02578125
0 0.42890625 0.18046875 0.0140625 0.025