0 0.5671875 0.1796875 0.0125 0.02109375
0 0.33125 0.4859375 0.01328125 0.025
0 0.51484375 0.40390625 0.015625 0.025
0 0.4671875 0.36796875 0.01484375 0.0234375
0 0.68828125 0.66015625 0.015625 0.0265625
0 0.49921875 0.71640625 0.0171875 0.0265625
0 0.728125 0.44453125 0.01328125 0.025
0 0.7359375 0.60390625 0.015625 0.0265625
0 0.49765625 0.18046875 0.0125 0.021875
0 0.41640625 0.53046875 0.015625 0.0265625
0 0.4984375 0.36953125 0.0125 0.0234375
0 0.503125 0.58984375 0.01328125 0.025
0 0.42890625 0.18046875 0.0125 0.0234375
0 0.50390625 0.571875 0.015625 0.01953125