0 0.44375 0.21171875 0.01328125 0.0234375
0 0.35390625 0.53125 0.015625 0.03046875
0 0.53125 0.71796875 0.01796875 0.03125
0 0.24375 0.71953125 0.01796875 0.034375
0 0.446875 0.66796875 0.01796875 0.03125
0 0.26484375 0.54765625 0.015625 0.03125
0 0.46953125 0.5984375 0.015625 0.028125
0 0.675 0.49609375 0.015625 0.028125
0 0.365625 0.61796875 0.015625 0.028125
0 0.2546875 0.653125 0.01640625 0.02578125
0 0.37265625 0.75234375 0.0171875 0.034375
0 0.75625 0.61640625 0.01796875 0.028125
0 0.49765625 0.38046875 0.015625 0.025
0 0.43671875 0.6 0.015625 0.03046875
0 0.2609375 0.68203125 0.015625 0.0296875
0 0.246875 0.81015625 0.01875 0.0265625
0 0.50546875 0.18125 0.0140625 0.01953125
0 0.61875 0.07578125 0.0125 0.021875
0 0.26171875 0.6640625 0.0171875 0.021875