0 0.5671875 0.1796875 0.0125 0.0203125
0 0.415625 0.53125 0.015625 0.0265625
0 0.33125 0.4859375 0.015625 0.0265625
0 0.48125 0.40390625 0.0140625 0.0234375
0 0.64296875 0.64921875 0.015625 0.0265625
0 0.50390625 0.571875 0.015625 0.021875
0 0.56796875 0.42578125 0.015625 0.0265625
0 0.49921875 0.7171875 0.0171875 0.028125
0 0.49765625 0.18046875 0.0125 0.021875
0 0.728125 0.44453125 0.015625 0.0265625
0 0.7359375 0.60625 0.0171875 0.0296875
0 0.503125 0.58984375 0.015625 0.0265625
0 0.4984375 0.3703125 0.0125 0.0234375
0 0.42890625 0.18046875 0.0140625 0.025