0 0.44375 0.21171875 0.0140625 0.025
0 0.53125 0.71640625 0.0171875 0.028125
0 0.24375 0.71796875 0.0171875 0.028125
0 0.446875 0.665625 0.015625 0.028125
0 0.26484375 0.546875 0.015625 0.028125
0 0.6546875 0.1515625 0.015625 0.028125
0 0.39921875 0.53046875 0.015625 0.028125
0 0.46953125 0.596875 0.015625 0.0265625
0 0.675 0.49453125 0.015625 0.0265625
0 0.3734375 0.75 0.015625 0.028125
0 0.365625 0.6171875 0.015625 0.0265625
0 0.49765625 0.3765625 0.0140625 0.025
0 0.2546875 0.6515625 0.0171875 0.0265625
0 0.43671875 0.5984375 0.015625 0.0265625
0 0.2609375 0.68125 0.015625 0.028125
0 0.24765625 0.809375 0.01875 0.0265625
0 0.50546875 0.1796875 0.0125 0.021875
0 0.61875 0.075 0.0125 0.0203125
0 0.2609375 0.6625 0.015625 0.0203125