0 0.5671875 0.1796875 0.0125 0.0203125
0 0.33125 0.4859375 0.0140625 0.025
0 0.72734375 0.4921875 0.015625 0.0265625
0 0.51953125 0.5109375 0.0140625 0.0234375
0 0.50234375 0.61328125 0.015625 0.0265625
0 0.49921875 0.71640625 0.0171875 0.0265625
0 0.728125 0.44453125 0.0140625 0.025
0 0.7359375 0.60390625 0.015625 0.0265625
0 0.49765625 0.18046875 0.0125 0.021875
0 0.44453125 0.54375 0.015625 0.0265625
0 0.4984375 0.36953125 0.0125 0.0234375
0 0.503125 0.5890625 0.0140625 0.0234375
0 0.42890625 0.18046875 0.0125 0.0234375
0 0.50390625 0.571875 0.015625 0.0203125
0 0.49453125 0.5609375 0.0125 0.025