0 0.55859375 0.64296875 0.015625 0.0265625
0 0.57109375 0.18046875 0.0125 0.021875
0 0.4984375 0.71796875 0.01640625 0.028125
0 0.4984375 0.36953125 0.01484375 0.0234375
0 0.5515625 0.61640625 0.015625 0.0265625
0 0.36875 0.509375 0.015625 0.02578125
0 0.42890625 0.18046875 0.0140625 0.025
0 0.4703125 0.68671875 0.015625 0.028125
0 0.47578125 0.65703125 0.015625 0.0265625
0 0.60234375 0.6203125 0.015625 0.028125
0 0.521875 0.61953125 0.015625 0.0265625
0 0.49765625 0.56640625 0.015625 0.025
0 0.53359375 0.63984375 0.015625 0.0265625
0 0.51015625 0.59453125 0.015625 0.0265625
0 0.4734375 0.62578125 0.015625 0.028125
0 0.490625 0.61875 0.015625 0.028125
0 0.41796875 0.79140625 0.0171875 0.03125
0 0.49921875 0.18046875 0.0125 0.021875
0 0.4953125 0.60078125 0.015625 0.025
0 0.4796875 0.6046875 0.015625 0.02265625
0 0.47890625 0.5859375 0.015625 0.02109375
0 0.4953125 0.58125 0.015625 0.01875