0 0.74140625 0.60859375 0.015625 0.03125
0 0.5 0.37109375 0.015625 0.025
0 0.7421875 0.70625 0.0171875 0.0296875
0 0.4296875 0.18046875 0.0140625 0.0234375
0 0.5296875 0.79921875 0.0171875 0.0203125
0 0.2671875 0.509375 0.015625 0.028125
0 0.49921875 0.56796875 0.015625 0.028125
0 0.596875 0.09453125 0.0125 0.0203125
0 0.484375 0.796875 0.0171875 0.0234375
0 0.290625 0.5390625 0.015625 0.0265625
0 0.346875 0.165625 0.0125 0.025
0 0.74765625 0.5953125 0.0171875 0.028125
0 0.51328125 0.7859375 0.0171875 0.0296875
0 0.4859375 0.78046875 0.0171875 0.0265625
0 0.484375 0.11640625 0.0125 0.021875