0 0.54140625 0.6234375 0.01875 0.03125
0 0.66015625 0.796875 0.0171875 0.02578125
0 0.69609375 0.7984375 0.0171875 0.02265625
0 0.57109375 0.18046875 0.0125 0.021875
0 0.49921875 0.56796875 0.015625 0.028125
0 0.7421875 0.54765625 0.015625 0.0265625
0 0.50546875 0.76953125 0.0171875 0.0296875
0 0.5375 0.77421875 0.01796875 0.0296875
0 0.73671875 0.490625 0.015625 0.025
0 0.7421875 0.6734375 0.01640625 0.02734375
0 0.7421875 0.6359375 0.01640625 0.028125
0 0.73203125 0.65625 0.0171875 0.02578125
0 0.67890625 0.16796875 0.0125 0.0234375
0 0.5 0.121875 0.0125 0.021875
0 0.29453125 0.23046875 0.0140625 0.025