0 0.5125 0.3375 0.0140625 0.0265625
0 0.56953125 0.18515625 0.0125 0.021875
0 0.40234375 0.703125 0.0171875 0.0296875
0 0.6859375 0.5921875 0.015625 0.0265625
0 0.54765625 0.740625 0.015625 0.03125
0 0.35703125 0.59453125 0.015625 0.0296875
0 0.5 0.72734375 0.0171875 0.028125
0 0.378125 0.703125 0.015625 0.028125
0 0.4984375 0.37734375 0.015625 0.0265625
0 0.6921875 0.7953125 0.015625 0.0296875
0 0.5265625 0.59453125 0.015625 0.028125
0 0.4296875 0.1609375 0.0140625 0.0234375
0 0.3671875 0.578125 0.015625 0.028125
0 0.49921875 0.1859375 0.0125 0.0234375
0 0.525 0.74609375 0.0171875 0.0296875