0 0.5671875 0.1796875 0.0125 0.02109375
0 0.415625 0.53125 0.015625 0.02578125
0 0.33125 0.4859375 0.01328125 0.02734375
0 0.46015625 0.3484375 0.0140625 0.02265625
0 0.709375 0.6671875 0.01796875 0.028125
0 0.50390625 0.57265625 0.015625 0.0203125
0 0.47265625 0.38828125 0.015625 0.025
0 0.49921875 0.7171875 0.0171875 0.028125
0 0.49765625 0.18125 0.0125 0.021875
0 0.728125 0.44453125 0.015625 0.025
0 0.7359375 0.60546875 0.01640625 0.028125
0 0.503125 0.58984375 0.015625 0.0265625
0 0.4984375 0.3703125 0.0125 0.02265625
0 0.428125 0.18125 0.01328125 0.025