0 0.5671875 0.1796875 0.0125 0.02109375
0 0.33125 0.4859375 0.01328125 0.025
0 0.484375 0.39296875 0.015625 0.0265625
0 0.46015625 0.3515625 0.0125 0.02265625
0 0.7078125 0.66640625 0.015625 0.0265625
0 0.49921875 0.71640625 0.0171875 0.0265625
0 0.728125 0.44453125 0.01328125 0.025
0 0.7359375 0.60390625 0.015625 0.0265625
0 0.49765625 0.18046875 0.0125 0.021875
0 0.41640625 0.53046875 0.015625 0.0265625
0 0.49765625 0.36953125 0.0140625 0.0234375
0 0.503125 0.58984375 0.01328125 0.025
0 0.42890625 0.18046875 0.0125 0.0234375
0 0.50390625 0.571875 0.015625 0.01953125