0 0.5 0.37109375 0.0140625 0.0265625
0 0.34765625 0.13046875 0.0140625 0.0265625
0 0.7375 0.5984375 0.015625 0.028125
0 0.46484375 0.5765625 0.015625 0.021875
0 0.5015625 0.18046875 0.0140625 0.021875
0 0.47421875 0.61953125 0.015625 0.028125
0 0.49140625 0.6171875 0.015625 0.0296875
0 0.4203125 0.08359375 0.0125 0.025
0 0.50703125 0.60546875 0.015625 0.025
0 0.675 0.309375 0.0140625 0.0234375
0 0.46328125 0.59375 0.015625 0.0265625
0 0.4953125 0.553125 0.015625 0.028125
0 0.50625 0.58828125 0.015625 0.025
0 0.50625 0.5640625 0.0140625 0.025
0 0.4296875 0.1796875 0.0125 0.025
0 0.44453125 0.171875 0.0125 0.021875