0 0.5671875 0.17890625 0.0125 0.0203125
0 0.66640625 0.53828125 0.015625 0.028125
0 0.33125 0.484375 0.015625 0.025
0 0.49765625 0.1796875 0.0125 0.021875
0 0.4984375 0.36875 0.0125 0.025
0 0.5046875 0.5859375 0.015625 0.025
0 0.5265625 0.6015625 0.015625 0.0265625
0 0.7359375 0.60390625 0.015625 0.0265625
0 0.728125 0.44375 0.015625 0.0265625
0 0.49921875 0.71640625 0.0171875 0.028125
0 0.52578125 0.58046875 0.015625 0.021875
0 0.4828125 0.60625 0.015625 0.028125
0 0.49921875 0.5671875 0.015625 0.025
0 0.51875 0.5609375 0.015625 0.0265625
0 0.42890625 0.18046875 0.0140625 0.025