0 0.5671875 0.18046875 0.015625 0.0203125
0 0.33203125 0.48828125 0.0171875 0.0296875
0 0.6765625 0.47265625 0.02109375 0.0296875
0 0.57109375 0.4875 0.015625 0.03046875
0 0.54609375 0.62421875 0.015625 0.03125
0 0.43046875 0.540625 0.015625 0.028125
0 0.503125 0.5890625 0.015625 0.028125
0 0.49921875 0.18046875 0.0125 0.0203125
0 0.7359375 0.60625 0.01875 0.03125
0 0.49921875 0.71875 0.01875 0.03125
0 0.50390625 0.57421875 0.01875 0.0296875
0 0.72734375 0.446875 0.015625 0.03125
0 0.51171875 0.48671875 0.015625 0.028125
0 0.4984375 0.371875 0.01640625 0.02578125
0 0.42890625 0.18125 0.0140625 0.021875