1 0.303125 0.6375 0.4765625 0.1796875
1 0.809375 0.5359375 0.35625 0.090625
0 0.41875 0.65546875 0.021875 0.01640625
0 0.38984375 0.6609375 0.0171875 0.01875
0 0.31171875 0.621875 0.01640625 0.0234375
0 0.21484375 0.63359375 0.01484375 0.0203125
0 0.2359375 0.6046875 0.01640625 0.02109375
0 0.20078125 0.6125 0.01640625 0.01640625
0 0.225 0.6015625 0.01484375 0.02109375
0 0.18203125 0.6015625 0.0125 0.0203125
0 0.2046875 0.590625 0.015625 0.0203125
0 0.19453125 0.5984375 0.0125 0.02421875
0 0.26015625 0.56953125 0.0140625 0.01796875
0 0.2828125 0.6 0.00078125 0.00078125