1 0.509375 0.8140625 0.978125 0.371875
0 0.1390625 0.6984375 0.02265625 0.0296875
0 0.32421875 0.6671875 0.01875 0.025
0 0.62265625 0.71171875 0.0234375 0.0296875
0 0.88046875 0.7703125 0.021875 0.03203125
0 0.83984375 0.76171875 0.0234375 0.03046875
0 0.76171875 0.7828125 0.0234375 0.02890625
0 0.70703125 0.80390625 0.025 0.03203125
0 0.66640625 0.8703125 0.02734375 0.0328125
0 0.54609375 0.8390625 0.02421875 0.025
0 0.5578125 0.834375 0.0234375 0.0296875
0 0.6890625 0.7875 0.02109375 0.03125
0 0.715625 0.7875 0.021875 0.02890625
0 0.7375 0.78671875 0.021875 0.028125
0 0.76953125 0.76015625 0.021875 0.03359375
0 0.75546875 0.8 0.02421875 0.0328125