1 0.50078125 0.696875 0.93125 0.171875
0 0.81640625 0.64296875 0.01953125 0.02578125
0 0.72421875 0.6390625 0.01796875 0.0234375
0 0.67421875 0.6390625 0.01953125 0.02578125
0 0.53359375 0.69921875 0.02421875 0.028125
0 0.49453125 0.6546875 0.0234375 0.025
0 0.403125 0.6625 0.02109375 0.02734375
0 0.365625 0.6359375 0.01640625 0.02265625
0 0.184375 0.69609375 0.01875 0.02578125
0 0.190625 0.6875 0.01875 0.02578125
0 0.16796875 0.6625 0.01640625 0.02734375
0 0.32421875 0.63671875 0.01640625 0.0234375
0 0.41015625 0.6296875 0.01484375 0.021875