1 0.52890625 0.6671875 0.9421875 0.27421875
0 0.23515625 0.6421875 0.021875 0.0390625
0 0.33984375 0.69921875 0.025 0.0484375
0 0.36640625 0.6875 0.028125 0.0421875
0 0.3984375 0.625 0.0234375 0.028125
0 0.43125 0.67890625 0.028125 0.05
0 0.50703125 0.68828125 0.02890625 0.03828125
0 0.53984375 0.6046875 0.0203125 0.03515625
0 0.625 0.62890625 0.0265625 0.0359375
0 0.65390625 0.56484375 0.0171875 0.0234375
0 0.6953125 0.58203125 0.021875 0.02890625
0 0.75390625 0.63359375 0.021875 0.028125
0 0.76171875 0.60625 0.02421875 0.0296875
0 0.7953125 0.5625 0.01875 0.02421875
0 0.80390625 0.6421875 0.021875 0.021875
0 0.871875 0.5828125 0.0234375 0.03125